#Expression="Beta(alpha = 2, beta = 5)", ExpressionName="Just a Beta Distribution"
#ReplicationNumber=1
0.4125731557640303
0.2798992527326975
0.3550018363834989
0.33328756114282143
0.18871175868560908
0.18886971977368422
0.507603526562858
0.5780866166440386
0.2534927125188078
0.04936582738981126
0.2057479334273836
0.11832339172765753
0.5596098205854723
0.13443898140740954
0.2113596424439204
0.14213143240826467
0.6069676391217219
0.18834626664142634
0.5555217276362568
0.20700903136600954
0.6323432474049157
0.2531633618646622
0.045431711405842505
0.45265839735350316
0.10489143665239191
0.06617199766940464
0.10701842635657913
0.21618418042589435
0.6258981500466373
0.051969882623861006
0.1016447135469976
0.011111813136812773
0.24272999261179495
0.21224682584135246
0.19368403492852387
0.48032696273656417
0.055488270000844456
0.37976353190968914
0.5102434114733789
0.37360662963782754
0.06963259686001184
0.18536989254465702
0.16465914007982727
0.6770041928155788
0.24561457831023242
0.10008555831032592
0.1801514660490717
0.23900798822270472
0.30762998074253667
0.24531989534830806
0.17113410248644173
0.6759731260655095
0.01575371127123631
0.40044254258140805
0.05893562646048913
0.22010972206087728
0.4416487153770318
0.2670595752809611
0.30414186407809185
0.2580758103940219
0.22357117724805148
0.16367644568382175
0.09480797229574527
0.42205219092383
0.06106435246541243
0.14443674562404554
0.010028434298867052
0.5290967348248644
0.04547087171228459
0.4739152445197546
0.0684203300115944
0.27487665472291317
0.16212556071378917
0.24317959431039812
0.46688883686351346
0.2501270542154173
0.08125891330361829
0.1132076935251616
0.03339462370454987
0.14160436847485555
0.13664867622124896
0.34330756018029046
0.15834123140836656
0.4458520644078643
0.2240589130472004
0.731990922950133
0.32481568124721677
0.09702181520417381
0.3186567481117239
0.18284425636964735
0.5518757152516248
0.4079681493270736
0.553260019278811
0.4689004977210314
0.11469318013675535
0.03759837528293015
0.3164664646672022
0.40619161546406585
0.36264943537747824
0.2868249998191646
0.2833581339270837
0.48931691505540753
0.42409189461190333
0.03687037014506939
0.2120329430880951
0.20297521954067824
0.1087425776811248
0.2451346560747253
0.46095431875052356
0.023340594948855035
0.1111685980437585
0.42051680536875957
0.11520382437449396
0.10027797152734531
0.30540394956876865
0.2628728720861577
0.4997376026487803
0.14315971710792605
0.17603188640835588
0.5151865717908791
0.3832851003930211
0.18333586005645774
0.4668960489848547
0.3998539410120053
0.4932899401684214
0.12826657379812828
0.46548263378171306
0.3815121800859327
0.11194759570863388
0.21394126401821953
0.05624069685471723
0.25695387673157
0.34950905249617875
0.589536390818443
0.12268208062934224
0.4581528607147739
0.26567776170342255
0.5126612390375511
0.2225094476375196
0.36870342133273953
0.2716877659934489
0.22004370777163415
0.2325603311678947
0.2725341441259663
0.33970660075510756
0.17813333819496477
0.35162003028451944
0.12793156214616258
0.2726314999312311
0.24354551409186187
0.32462921072788015
0.10060414515109586
0.25530826109559207
0.15736323662982035
0.08403593935295188
0.19111314675761862
0.46422877262679635
0.4025555259461133
0.172123682198557
0.3012876174465753
0.12508901817982035
0.2112586170468907
0.1437127415681843
0.2697331148200325
0.10795546462105085
0.13625272240325728
0.17802806233295806
0.24240537110233168
0.2012271798403937
0.12266855277683436
0.3105651545228361
0.3080561611527842
0.2875243929139795
0.32597117021670136
0.33743063200441475
0.3225925485491365
0.6126882991250858
0.18107208986040046
0.20499900375518595
0.0914818745692485
0.25467369022459235
0.10616138059140047
0.557060303272613
0.47420314178948786
0.2442080494212862
0.26964902908792765
0.7967256834599487
0.2268437705715167
0.5672539914603882
0.25840760873562074
0.2227187327274614
0.3479310668963579
0.12920122639008028
0.3518235799855177
0.19487230263160643
0.5643375824872559
0.2835751163014713
0.24485993273378406
0.1588622616901367
0.16721434176548566
0.4482922969942505
0.26659128116994046
0.17089897077522034
0.44575441311076885
0.329611085825846
0.09514014906532943
0.3491824039183173
0.3366629203954404
0.1892252511505737
0.1571922939702177
0.3516559883601589
0.25048230078323835
0.2883375244222304
0.4103522067025166
0.057226621683152595
0.6739028859006775
0.22644849147545887
0.18781993623048765
0.1670343503018355
0.0664226898520117
0.349968907575521
0.25596305252895096
0.20475552712521702
0.08546111951629573
0.4034593744029212
0.2010354124423046
0.5662034493758894
0.5233106667222951
0.22083773122686076
0.1484392190193869
0.3825351226775283
0.028179178887072897
0.20208069834444736
0.5600840778924496
0.3422545223082029
0.18310273000748012
0.5780518371682463
0.3563450550816422
0.6569334270736829
0.2091862074482959
0.43133543480703895
0.10308042390761381
0.2089016582304656
0.17757215757301117
0.1802626772398633
0.13649550826750598
0.4911106327232916
0.18797089236183642
0.14727542730332246
0.11480341306203529
0.16999873599411747
0.316685184191759
0.6193296127386697
0.40579364023108566
0.16840320330990033
0.3242129607772951
0.17487676760088838
0.4668446163602176
0.35208396481034054
0.2833608923439401
0.10711550599771263
0.11151253694260468
0.3978528274755276
0.3329674923835186
0.1138002162508069
0.23762206057374866
0.09104124081605545
0.06389211766610962
0.08222955321065399
0.06416601409969314
0.34151464393825687
0.4322839310631615
0.43210566472749856
0.24377754550917108
0.0857411562247037
0.5624028846405604
0.09620097517425073
0.07615284895930935
0.4909546682604906
0.2912903359568331
0.5016047788659748
0.14350400822866588
0.1714633497215674
0.20198137815501502
0.30210837043028
0.21619869463789823
0.028689641693923757
0.3297207597812578
0.20596230543204133
0.04809200071779046
0.1283425175542874
0.1321426889629902
0.49588319716081886
0.2743112164126362
0.1255793625513153
0.2483703878739694
0.29904559660592694
0.22915034137806475
0.5226782593886419
0.3260556797431699
0.1180085462088612
0.08879288977352327
0.4368788516655331
0.2157689266258129
0.3901184447778321
0.4391116686743264
0.36066197748160544
0.4594169915034266
0.1290180706557619
0.20101647641121373
0.2786526967310022
0.13980536372476549
0.4474723273928936
0.20089456407068482
0.07786401276271342
0.2429862183841615
0.2584372488527427
0.09119588151148841
0.6139645502967069
0.6090089093777749
0.29092953353541906
0.31930930879537445
0.5151632809751023
0.2274596483340332
0.3127832763038985
0.2741922006170207
0.16063237504149078
0.46434957421300743
0.14625884040182308
0.04361928215958456
0.28761838967358333
0.147478651233597
0.130582247908828
0.26884588600606635
0.03908392454185086
0.2752123233875666
0.22570536528225796
0.3896195639204775
0.061394221334261805
0.20433616837549579
0.7333275612039589
0.4361286519970207
0.10267434094104722
0.2990168985305157
0.4455759079819976
0.07575677605983175
0.27517253404548236
0.3522900887731329
0.5045163522777251
0.3668829293212865
0.17618916613431995
0.20112422325999302
0.3398320240044335
0.3583653655483721
0.0784772882247594
0.45422130329905497
0.38530943038650145
0.22763103524904682
0.5661365812884178
0.2833121962217081
0.4432449185450202
0.36995353784763635
0.06532320063481709
0.5914192998381554
0.4720744585558662
0.28372295101112593
0.08699742451225315
0.3016784265337518
0.15063313478800044
0.12009035096155293
0.5233843284785897
0.12497435655345392
0.2930981087213629
0.17061457536375838
0.24471062600107418
0.3216289713857627
0.15019267282267953
0.060922868190286784
0.459256201285055
0.11930825301401467
0.36732317856830204
0.6665459226706639
0.6041022220901274
0.3486120564581819
0.3509733358893306
0.45908423132915
0.45152746425912144
0.4557781487712967
0.1735102857111651
0.3610496928164556
0.3440552632031909
0.24540921843468805
0.20313272465851534
0.3185962157806904
0.37340915568484256
0.13843310468808567
0.19351324378345114
0.06312252444025747
0.14615766215492695
0.39995757072634947
0.4892403392624596
0.5177572780778193
0.2203749630141294
0.2046040911930113
0.12024466502949512
0.4479001608895498
0.3912190170759572
0.2842459223024874
0.16604010048954898
0.40719980454844756
0.046891225155187094
0.6197401848879253
0.12971329416470248
0.3653454635740833
0.2813189695473377
0.31698420372834696
0.2517557999432965
0.34636353558137656
0.21994511263977184
0.15510981831116188
0.3727467912058439
0.2744863930640312
0.39806523662323196
0.18884920086489923
0.4031229619390096
0.4437194011645423
0.46698744034976875
0.4760364233583664
0.25340880601579163
0.08925572496510456
0.4142384506927754
0.015825333172418615
0.26585687225968935
0.13769397512241727
0.21877286935384527
0.12836377653960934
0.7388029054554671
0.20864036670232602
0.437538106407982
0.48512347644354187
0.3540198422555059
0.24490749227146114
0.48483037542083174
0.5242545125888121
0.4920874378178006
0.20503433001703242
0.4994350400842007
0.08426301738648961
0.2528094653289611
0.10987856462815697
0.3451886307295867
0.5521036701204535
0.36048998561709034
0.5056022852675656
0.08351899097657885
0.14163941707360878
0.12177648586638758
0.3999166225908997
0.1650266082414581
0.47417290976855825
0.7517079752923735
0.1927196904102701
0.48394670076534485
0.4304190962317594
0.23515452715831636
0.4582266968739991
0.153185083134493
0.2286652484212568
0.14464290454493867
0.38970967815503393
0.5019187049216146
0.4465308626779785
0.225883175129089
0.11052118454488079
0.17343967603587754
0.361453272689362
0.2703625657153865
0.13047233998379235
0.7243503441964295
0.3914480028335613
0.12490660582596622
0.6038268341363433
0.27968527398760024
0.3667286074117575
0.09119520772880685
0.28412366380783405
0.4037875259848916
0.06919910857392446
0.09007985807114681
0.30494325933776933
0.19962614737889792
0.5064851905064776
0.22884968566492805
0.17030982297024425
0.33047183725331253
0.33465289744605403
0.16702685888164095
0.18310463871762162
0.08567180481542541
0.6789441063101852
0.11029581453607532
0.4034289734597516
0.5279917335711699
0.04823867081947616
0.1156219000849352
0.12184529852298172
0.2921750569500494
0.04731047722466703
0.17616349677914017
0.3020181612616956
0.5320689105758626
0.13784922254225668
0.3190699812243266
0.14750270509338353
0.3422247800400829
0.45475973324605334
0.18280008361847183
0.13951891833836086
0.40477734181027014
0.0865024378544844
0.5100326645759795
0.44360393984861873
0.059818990946417995
0.2814000396781172
0.07170192709226071
0.27784309355724696
0.31125901797295147
0.2856355229684131
0.47567320322887
0.2854765247284781
0.15910341100597994
0.724654833690593
0.3049327998314584
0.6845870353932858
0.14397720243953427
0.2232848114653327
0.4509511175621971
0.09452913291929184
0.18511774225540428
0.3703734695534383
0.28848424833830877
0.28711451807183475
0.45009304104890113
0.588900406359621
0.14874632745981559
0.1799392785632372
0.29005566943563915
0.31708269591988947
0.2506329178523488
0.48552573708625496
0.16070006976816076
0.44007399140739906
0.1903430239278237
0.11867971156733577
0.10052130511577789
0.0764025464778434
0.25578250988992907
0.2534863914112053
0.20175411058286719
0.12578075944583103
0.07348866564333682
0.3538066728745265
0.045479688716525815
0.21022328405237106
0.25479437136824956
0.0560473019881612
0.15304246902727878
0.09873371903294258
0.39431165249324057
0.2371209469798433
0.5300627792655389
0.4752706040081899
0.4059740283270982
0.4997927689692097
0.27200775195897814
0.08032884576408061
0.19258229123551243
0.4531471100587217
0.1814098443558554
0.40768581529329484
0.5125719839223066
0.24850243047315057
0.11110447623906616
0.3596069929589026
0.187493640468293
0.4454390819496271
0.6070422066603494
0.156510383652196
0.2918314801734478
0.3911089927051516
0.3969048911547132
0.4828255694484884
0.23131192224533947
0.020594177600121097
0.5849997079319799
0.5726276383033192
0.44022337698773994
0.16784067060881389
0.18421546982643697
0.14782397141585635
0.45609204292374583
0.20031356217702695
0.3192787651248302
0.20815308149366832
0.2564341109699567
0.3412463741447639
0.39492371955366706
0.3286795784002696
0.3579883007818389
0.23043221607152634
0.6471640452488747
0.3134037232011229
0.49529778789069656
0.13147139587461942
0.6160220535228064
0.08545779489264099
0.38965330050112057
0.2120571163243463
0.11023194843331868
0.35731626214614326
0.12405011891726994
0.41812135679659096
0.22899023336108223
0.19201873414457665
0.09876331314584814
0.23618240135244964
0.02266728801257069
0.20491393211235043
0.26961510447486214
0.2847449489162361
0.19844883580064793
0.3405352526059911
0.2311610463174389
0.4253044046826793
0.4240967014438854
0.06456784160857033
0.3492460080370563
0.28553692965266175
0.1476995202029916
0.549893066719955
0.4794330028844859
0.1266197919992139
0.3277361756259052
0.16377950625174
0.31356001944196543
0.33763210961651485
0.20685351077511066
0.5546582548561428
0.4960648377114211
0.468542031284731
0.4226093637651895
0.3671143488763891
0.12200822652040616
0.20450621431640437
0.48486516981230016
0.06489798921930821
0.1020899322238229
0.35772514299244346
0.2791785089479379
0.22843924525773543
0.31017433565948765
0.687381815784842
0.30899838927184514
0.6435805273681199
0.4211738795824295
0.23841697470316672
0.03189999620116077
0.2084610868248705
0.2001992818506914
0.3233749462127779
0.22159561791219456
0.3488983631067211
0.3294305876413285
0.33285674403638
0.09175566617696329
0.3050599326095736
0.06533453665122221
0.12621004911474945
0.5493475246705369
0.21162540395415902
0.20191730795148677
0.3989178099691123
0.44906814190833577
0.4567495236850908
0.45552946722293086
0.1269067969564288
0.3732493633954268
0.41744999709179503
0.28624507634082114
0.725302448112092
0.09721831122540812
0.06977026640797268
0.16920529285152316
0.6425385116723802
0.1868989900637938
0.05927167571737039
0.21284814853193565
0.2197704406688532
0.2310728319162825
0.3435069477416944
0.3417600683040226
0.1480668661944063
0.23147156078711875
0.1053190795863616
0.10255868264996393
0.4638606303279039
0.35212451039323756
0.12461071680983452
0.16579387707731882
0.36994630944570944
0.3651307308366506
0.3488293268591874
0.2208304491840739
0.08387631917205242
0.5140643356943196
0.11683455317473572
0.38290939152736553
0.4554986891162202
0.15409974853232816
0.36451834937007166
0.3435894878855966
0.20219901918467983
0.29828434918025376
0.6438237682653228
0.1621379896773197
0.04066076073307812
0.19057391526049225
0.2858640340966272
0.12057669064114529
0.3055010515626363
0.1756110206817168
0.6498729241250355
0.0654403933933053
0.1709072165301684
0.37007793429109415
0.39554573530794906
0.20211469109231045
0.1560066921615919
0.4617959966144905
0.3613752560930839
0.16955843279173247
0.02253786132263196
0.2662466962119113
0.2513780517875907
0.0433674522961736
0.43768664036850397
0.12076192961474111
0.3714013789186896
0.1255927066966369
0.6582723287411538
0.4333373527790605
0.4284471230212188
0.34460561801626627
0.3495552862873659
0.2218759771388239
0.15937939876035706
0.03988337083804044
0.5967440241411627
0.5399349570773971
0.09727262840397173
0.37677944166638627
0.08382362429032433
0.2788130941365145
0.07295741005424582
0.382784594908523
0.31492919851027956
0.4049825644645717
0.3793374755222788
0.3083177959321287
0.3438556793015206
0.4619288562880021
0.2396755326131272
0.25151748851670913
0.4114686352337414
0.04254362226496489
0.09693559431606137
0.1748971339224068
0.43004967886491285
0.2505337970036417
0.328883813801774
0.3228960996416455
0.4392727928445993
0.16536842170832378
0.04894169885984041
0.08715954359872255
0.32811309566399655
0.6375112684219137
0.1994705309372692
0.2528080654557528
0.6520288614046129
0.46598230902603355
0.14734591928082044
0.17280172512084407
0.6001674272867468
0.3835092876256767
0.7874984276900836
0.6862006791068942
0.30289659304880245
0.7605704532620631
0.6627362788848465
0.5944616293401785
0.19544912190104619
0.1717137596382991
0.4233164646606355
0.22478414482680667
0.1597945181658803
0.15511271820103695
0.3876540079243124
0.5557322068483133
0.23239600613580624
0.5156077262097728
0.3572312729900573
0.1573537022775555
0.3468356968571742
0.41998901027034075
0.30605574904131977
0.0744658097603036
0.3131584557989457
0.3745804847560651
0.2734428726574876
0.24567607327017318
0.3702923632775284
0.23776795179199234
0.23234567172223422
0.4161516147488621
0.40206324903728946
0.5857733995496692
0.2899822392709326
0.05594796767414654
0.19320586631239947
0.19167752865613144
0.14519781780390542
0.4561264184446868
0.2110124177688403
0.100543992009783
0.6022321322226497
0.8711164392061796
0.2564647473597185
0.26021585068876607
0.5087288510986214
0.23916368350003858
0.1445686105530329
0.06158188103533505
0.657517062375442
0.06869181013276299
0.31060423164430606
0.09415097562071652
0.4847223642101335
0.37436150920798456
0.5326571148437635
0.5044139980458038
0.6140714196825828
0.3256872422726571
0.6172098472991875
0.22774616118512964
0.31820031067469845
0.03547529815457695
0.39529022019539417
0.19850291694338812
0.22439747057409748
0.26259217271243507
0.13572724719323276
0.3634259686970121
0.6489095612851358
0.2179358259069537
0.1382959139630752
0.2684536513454166
0.20973526494445086
0.4984011801907748
0.11572908463170385
0.08457072139229059
0.21318164287260405
0.016753370899385882
0.07529543962310255
0.4429318528869961
0.09563446263094016
0.07806662378895884
0.21609989794702686
0.15141641771473957
0.5222337891385219
0.2084646204517258
0.35296353378650464
0.1704675978921026
0.3064757242382507
0.12486824004657404
0.4880680522491738
0.4079895489900979
0.09264125969762542
0.17566798092909264
0.4767937212418306
0.23793191008122003
0.27806026518258625
0.4037702269446125
0.4742663169436882
0.3487894964043312
0.40297264112284975
0.39431834685038814
0.26754505543961427
0.4890080564836596
0.09712061154267244
0.20856553823696292
0.4674077538219075
0.43706903380651174
0.21435288037397807
0.2697043494540044
0.20345156048053054
0.5170422403208064
0.28939909370142547
0.136645993922983
0.4557452322529327
0.17444256941661662
0.3033353388314039
0.18359754091302005
0.19311579951130436
0.3982945700203478
0.13516685390830843
0.21419977879644228
0.16462072689101614
0.5129385086166738
0.6531294749018071
0.2341213020422133
0.04611280852676774
0.6428373997070155
0.1315745696872572
0.43319762798751416
0.4862531009542357
0.3208747873629322
0.5342635396585764
0.2769784175722233
0.6104952293258962
0.3616439178271696
0.12799182229545575
0.3123265954365942
0.18798597864408556
0.3590830345986556
0.19645707528157183
0.17385127428206137
0.227944545006309
0.34372955851533654
0.48708849652992986
0.4441352630713552
0.16079996648422054
0.1443186171356097
0.372829300752065
0.4582513812351018
0.5581745429040064
0.2757649006098876
0.10444872833528009
0.3422479093445423
0.20536717784053513
0.5071806283319052
0.15749610541601158
0.37069102263356457
0.31588558437488296
0.38408255699534344
0.34631443252234145
0.2719405413660428
0.36287494032183737
0.07130672884156293
0.07475646623537627
0.5719450368743226
0.06253123675561205
0.2598968887041742
0.18788682658042616
0.4929703752884302
0.46045188019198635
0.13892494198424069
0.3547596170645091
0.17985992356577443
0.1583943110532588
0.33190163113693427
0.2375055502414809
0.29809163427717156
0.14120169008126118
0.2705713762554776
0.16134997743228968
0.5154320920734123
0.4521205971398988
0.4268930170314033
0.3509391279723123
0.418208287230323
0.3433948295091537
0.2271225742784262
0.19426713972811888
0.180190444940602
0.13935799311154431
0.3182396480492276
0.2763796735145497
0.47229769468533805
0.41686058592031483
0.5101475947916299
0.6437437142409825
0.4203585677958244
0.41573142914762223
0.6861234894467787
0.2689097728486191
0.14584979825051336
0.15394939150145717
0.17321291751013682
0.21011059013138902
