#Expression="Erlang(shape = 2, scale = 1.0)", ExpressionName="Just a Erlang Distribution"
#ReplicationNumber=1
2.550237953002597
1.2221331572675083
0.9946082601021871
5.991966768052328
3.178452831317746
5.461585162705906
0.9025663803561756
2.5728062503413005
2.8029287715206608
1.2542603464592597
2.480716054625169
6.310111907141114
2.189728510329383
1.1396018382853583
0.7549540624287436
2.9233915724649586
1.9801333892202955
3.8660062573697918
2.5851422280463305
1.6252070250311081
2.2845100342770053
0.9598628865103863
2.0103023060905394
2.9091879143423474
1.079335492262997
1.7917209658008946
2.453013005271094
0.47736697192026195
2.103552395515315
4.63255600114767
2.633898168517678
1.2609205705097934
2.5032447991592726
0.3514131227827324
1.3974047714312758
0.43473029469646396
1.3975396284321457
4.075958559006806
0.6201578854457789
0.41080835010904837
0.28451300717185307
1.2251836392914273
0.5216966593561987
0.9002551039990297
2.0191618971186105
4.265420316804762
0.39179661910796476
3.106344329739172
1.4124375608161275
1.8532425183995465
2.524276171655738
2.330206058784345
2.177234740420601
1.1367482862820375
0.3726438645580609
0.17162415512689572
2.244474112862023
0.8025166152517851
4.183922264343029
1.7865427685114577
1.2608908805399037
5.666842318935789
7.581223127824304
1.363927884605308
1.2575307483214015
0.594326082749754
3.9343382603436305
0.9577763360806645
0.0934356771029856
3.1288295941668594
1.796856800311669
1.3330708753302665
2.134656001736818
1.125488739857162
1.6971604561953033
3.6445979539905093
6.169679593479438
2.7987567293651736
2.000238525685271
1.4011461261342022
2.445843827071963
2.15512938416003
2.0901867141326
2.1336716563899234
1.3296740031721996
0.9353441361714426
1.6884454189637021
1.2053853325522312
2.2790941111911596
1.3410967160286724
0.7899283361296275
2.29988578192102
0.34071044855843596
0.9952346919309698
1.4904110236581043
0.5173192093156282
2.3122985938292437
1.2669357770254792
1.7203835213182694
3.733373424804436
2.5787723654719383
2.3329526176940876
0.48580899754944196
1.9579270540366116
1.1857639671136326
1.421663270451289
1.5936837003274558
3.5373675221452148
2.0133126193596285
1.4689655927391596
1.17680845997493
4.980611873665407
1.6871964048301984
2.347391186224583
2.11117192365778
0.34372501931970656
0.2885979913973886
3.180305449648998
4.000761572845844
0.6107500419002
1.5480113228605776
3.7521287013770728
1.5738294276660159
0.5170226729280668
0.616404424484278
0.6637481394924137
3.299099984277577
1.7269440053009115
0.29808191675448803
1.4099180470881925
0.6071812915212214
2.455569410035716
4.029995400247361
0.5206742005091723
2.023679882083391
3.137751181336012
3.06212567517992
1.590259803824678
2.860892048206433
1.3689620563644818
0.2269325341495417
1.2611009675633802
2.5359683586891095
0.9339652102269288
2.979893584660564
2.749320726556882
4.269115485585061
6.491398315704802
0.31015667129287966
0.7384798039986472
1.2784862381448916
1.9256274664292854
1.2339392019903206
2.5817404900297505
2.261667846081809
2.48283444885643
1.3073426964169885
1.0061784771462212
2.8453160537244626
0.9401809456535795
1.6147207334850198
0.4612767468923395
2.5004370276461745
1.8684934247535432
2.671794254060674
1.565120857417714
5.203510181680073
5.839373180604426
3.600394987250539
5.092058578751381
1.8665231899083465
2.7648994706358594
2.02459223454296
1.4204878550145115
3.9800853201436026
0.30762935594053986
1.1010302250634696
3.105774361657288
1.5460270088753159
1.4495773075124607
1.0595004130327201
5.113827973631965
3.7054180848820906
2.1059960379959346
1.1355512890369304
0.433301618077755
2.075234089961235
0.423161571476012
1.429034348570868
0.7582766698204872
0.4138410349414339
3.5053639435587334
1.2107940752537363
3.6350988962551054
4.292423216034397
1.114985254782233
4.763905351817743
3.722094205159577
4.538243791409108
2.8576901076618175
2.0646929135427934
0.9746959978687847
3.7247702712220043
2.8940656702440655
0.8803707243235513
0.40277944831106294
1.9105809698611795
0.6756831053266515
2.601343607605155
0.9196988922982798
7.473356675202698
3.1308251160216214
2.3749973027030995
3.513696813587368
2.4285967766760392
0.2825167523263833
0.46075226735076324
0.9753418197245941
1.2140231328669335
0.9791954836718827
1.661463770399647
1.9301912906213496
3.0292288587871603
1.8231149326382505
4.445932520627524
4.885919598814093
0.9648973911559239
0.940586594944108
1.911815805665957
1.95864231967725
0.2941851831467461
3.1865776746842296
0.4035473775458947
2.762264413864558
1.0331037272096253
1.0182223735776321
0.5455297843878619
2.4779483566180103
1.1194160033313736
1.5008246168069708
0.9605634577240556
2.843702998642912
2.2843241128776755
4.768371040587814
1.1564210749198542
3.2568118698882005
4.603979149550548
0.6700682749070429
1.1180359229697956
0.2039915574014243
1.3513787919998874
0.7949554978057377
0.8063896815684217
5.02272527421827
0.7883908179505712
0.29359967092390227
1.1994583211376417
8.132691038425795
1.9531237550092262
1.4020963249102556
1.8738195197887997
4.004270255801092
1.7646470472234888
1.7851515447950477
2.700930541152872
1.8003990841399968
7.530107420383009
2.128312609364495
4.725993593216054
1.4706870792047553
3.090201444516364
0.8259306703344169
3.500634134712879
2.4512586499310234
1.4904662260416017
1.9552158289536141
0.16439509619234124
0.7978154573928813
1.8124759339370866
2.264799271594816
2.2351477366716797
3.4847128821747537
2.7164770295920846
0.8103115018450281
2.1429670246683687
0.9267795961772152
2.058600873943421
2.9829921585784698
3.9688853989413397
1.1187995892795048
5.25678822592358
1.6143349404064617
0.854877808941521
2.6732489554878307
3.4253617811914117
1.7848917433707665
1.652706967752986
2.2066117080471965
2.4235146404929173
0.8772602788303413
0.05361707047653678
1.169297070512772
1.3121163025631852
0.9254525193138062
4.011538026281821
5.475308630894026
1.3363386781949693
0.44702303692480044
2.116821386842723
2.0317021428410627
1.0436007178670412
0.6145192538089808
1.2278062946699453
0.9483692046533337
3.245573309857021
2.3688397082775112
1.3587564523432365
1.8934828817915605
1.7553337655624077
1.6249913736799633
1.5523823180763885
2.9320652977908814
1.3730580347390717
2.310338966363729
1.0338831092644691
0.6037305277325007
10.07148043209161
2.0641638095655335
3.358729773335508
1.1443821997633823
3.921430495549579
0.7045908757581245
1.9959631353586236
3.876517563604236
2.184223729616634
2.308787797852495
2.3990403739696684
2.815132711994368
0.8253316666017948
2.9691538881677864
2.7375171375222456
3.2917633569497604
1.30664649057455
5.559746771738446
2.9129602081986823
2.0826582316185496
1.3014907409834664
0.7463338469988091
3.728592408087785
1.134351809404942
6.01596993720046
3.536857869229809
0.6417660285864033
2.4312208004417895
2.881898491946197
1.3604051410244182
4.398943527806238
0.5792841919042322
0.8689732113242826
0.6392180573807499
1.6183760659848625
0.9862778924804043
1.5826229876052995
2.2280831260015446
5.6716048544947615
2.1268610981362195
3.0135075326030276
2.8458800105722744
4.492241244703937
2.9045838951910152
2.011042256530961
0.4958250491956112
0.5671402870987448
1.3307822642744644
2.398379981100667
0.5137258579353402
2.486553402988529
3.4093994663211245
0.3048692639466936
2.4222653932526157
2.0356281107674574
1.2286335373747928
5.835915914772137
0.5486108671400419
3.0020341845321825
0.25963163177037296
3.7412399666998293
3.3854518440225045
4.66434021683646
2.052424413310758
1.701237198608232
1.4792339303335011
0.7546375296557494
0.5751755810177529
0.5573303218129269
1.8623785749301178
2.11141018995504
1.777736805682588
1.036826656429784
1.2282389945069823
0.23385543289962513
4.077473377899258
1.2879490451466677
2.085566633383284
1.5464109926394165
0.7087646554735643
5.735529293206866
1.738226264090009
6.068117508388527
0.30263594158753926
1.6085764583381095
0.5342503479739749
2.5086293317191184
3.5038689467393898
0.53085182692464
2.5902448400881157
0.2671194198894808
1.591927285904451
1.2819097292048762
1.7039728164055055
1.2102995302764916
1.9027593623512944
1.2606213584930832
0.864154901695045
4.651373471798239
0.2469623749212682
1.8111226931371127
2.4884717195282486
1.0938160100576093
3.5069758706483496
3.0823835804819586
4.863774717436752
1.0747142807105785
1.0331102576957045
1.147508988427257
1.301789824365833
5.5447256991302005
1.8330762255044775
4.728169585238279
2.5138901081284146
2.479875345959895
2.0079985217842817
5.776598428225923
1.4057619749854275
0.9984703349790374
1.35763039675075
1.4972344329310736
0.2773998704312373
1.6842078394820474
3.2957628818164992
1.465074853686593
2.5294187331699054
0.5607746374653805
1.6455229949561456
3.4762851054098594
0.2819768298975245
2.8505177600425204
1.8032197432013997
0.9557330630157348
0.6989573284622644
2.6754714461512403
1.6150171302874496
1.9350698543330667
1.5529831632034017
1.0841178130953308
2.153840070181744
0.48148343670972726
0.6647558499730536
1.148822508027178
0.8739231226419366
0.8337670765996757
0.8540143885979126
1.224559142991246
2.492086542739063
0.6909944472634804
1.4393050957252997
1.145476616672374
2.1637524647717106
1.9177224717968837
1.7456736911977586
2.210357550211416
0.3572486030141002
1.930550884884382
1.05782019725455
4.784054699474346
0.16675888531707359
1.8825775335838024
3.090864366990094
2.1223335025740693
1.5006783088209221
0.889827420128988
1.372397210494376
1.113085482353818
0.45022877414289353
2.568659613029205
0.21619979665410716
0.33532584237276514
1.5652727949589518
1.1513675647428039
1.2964355928900142
0.7910102780123659
2.7550271540057882
1.9680731348961256
0.7808544394790753
0.7381448666297835
2.5524002297325703
1.948627837283316
1.2208283304523564
4.195943044503045
1.1946424713647452
0.9283445967236625
4.1345569483074405
0.7559174349427864
0.9030927051807621
0.7569497006469673
3.581305118873058
1.4780441522313978
1.9948869733836432
1.3879853386225975
1.5694887092800196
2.2905962225428884
1.2742373598192878
1.461013375764968
1.4192344618151962
0.8271139469724149
4.488327002377329
1.2888888311192546
1.6864092980150212
2.3142861911350003
1.0945400625910493
1.6671083313799184
2.4120159231293536
0.6435052670447832
1.487555667504409
1.4690344455339093
1.9312461946562054
1.8072261766525526
2.2760730029327645
2.396294804778328
0.6191115674166471
2.5554349194068786
2.565510668481122
1.282660149342805
0.6045118547141314
1.0059435360623532
5.91540309702025
2.772498984311928
4.67962766855455
1.9443290425994517
3.5809176193226406
2.0337879147365587
0.7242450544818934
4.39878486060344
1.292177586205264
2.411786196242225
0.9524680298473633
3.8561910694177914
1.0060292967653761
7.96040158686085
3.5726796052797267
0.10814521512633497
0.551756957682109
4.337027242692766
1.2560072273663043
1.525062195712674
1.5161148040027785
2.7268616669830705
0.665979825197692
1.7433795817524749
1.4350744208665949
2.055152750455199
3.2080316888926346
1.1459150022696276
0.3181927238789522
4.386175284315865
3.0250595491079304
0.5975503495401198
1.1195423197721202
0.7376912130056423
1.9324491572543272
0.8061482189275545
4.778358628732121
1.7830157651754017
1.522138580089569
3.4742776787873986
3.5424621562568204
2.257565861751876
1.0759474057031233
1.4985592214978807
1.0315327557522416
1.4269912136434877
1.6355771423130512
1.8871081718746385
0.9737036835508383
2.524810313520889
1.2606984044447758
0.06415661676392957
1.322992476306175
3.7534754123428615
2.010551112824936
0.9866969372473494
4.7467386788826715
2.0268964020548648
1.6742511952367072
1.701064381650648
0.2996724076340887
1.5193798503299032
0.8058368840799539
1.1313688957749855
1.1439889562608898
1.9740987940819348
0.3901123922418365
1.1136539631776918
0.3368543078771181
0.35688829791691784
2.602105063943428
1.0738767884923417
1.172789449360605
6.046163110211524
6.283109502762103
2.919985253399414
1.0868390033102622
4.195267468038225
5.927324923097548
0.563460221065034
1.4221049306677307
3.14743255805235
3.4463391194973854
4.0613354029294415
1.9906101902762616
3.5928786550660394
1.4360358770641843
6.479831537669427
3.3138150826363297
4.640595431956095
1.0885590689653188
3.0013667484941378
2.7475483181442324
3.7581228213602866
0.4592903541074505
1.9925053082832034
0.6618285618827692
2.2754978406096322
0.761855397703946
0.13485226109935172
4.615096520382885
1.2666000933343953
3.6594309526562703
2.269043895768688
1.392475025884692
2.7058351637606055
1.660770241273902
1.1300351714487686
0.8731323861779197
0.9270416107985667
2.894583440094858
4.713527174967928
3.859776096611771
2.878323893646177
0.2985361075350939
3.495143678035093
1.887502546459454
0.5716794776212601
3.8154086117221993
4.5035045526551905
0.8357871034253189
0.9717474827571748
0.8328975954907376
0.32754605380814805
1.107523619368268
1.5799259863690174
1.6711708291393035
1.7797738843135766
0.18334552999199857
1.332552029143601
0.953039319793637
3.8928806986919358
2.961287017139919
1.2823785585259937
2.0158331950378106
2.0077219291582775
0.9655741791186353
3.42021639508945
3.0005531846268947
3.168345295564248
0.6371029103662041
0.9479754912215124
3.6878630738329483
3.2434460884951695
0.9430533240685859
0.29715949691993837
5.302110254558365
1.6815772227955432
0.7826200775575897
1.5597694521813317
0.9127750749761406
1.955112287938041
0.31704547247683235
0.12400141285159613
1.8191536632160326
0.26392413166987544
3.278678560063903
2.0025383022303878
0.45531872812587676
1.509159219144437
0.8508763817096836
4.7616755783457
2.022786948816044
2.9888556681612157
0.3156171609183529
1.60440520160562
2.68583947683282
2.322024465181394
1.0343924156047166
4.175077874524635
2.191946095030973
0.27806657494619175
3.592732778741916
1.2952073357271863
4.117011964002353
0.23294570449969673
3.488380584146864
2.085587601394459
1.447060078401332
2.095763577255085
3.889991057113131
1.537992464369977
1.0008167888687134
1.1189094306081164
0.24425928147538348
1.4299113722799548
0.8703861476103686
6.070469595502427
2.881471469568607
3.1502718317749956
4.784973342843184
1.6848649899897687
1.5926339516610437
1.4995922582559353
4.643164276322944
0.5181283073887434
2.774221869376475
4.021280232804133
0.9809369722753841
2.2935002359815977
1.8327618894304492
0.7113320132624444
5.117654161843875
4.185585901092922
3.572541693214962
1.496231057461612
2.240493748725813
1.8112858897416806
2.2622413356613844
2.2006378403830347
1.8496955238437545
0.9545884621296108
1.0420057042406463
2.3454742240042483
1.5981581743532745
4.376562256206341
3.853612579178469
2.76564881142168
4.54945907421136
0.9429437054856723
2.8031780391655645
2.429462829478635
1.767715839179163
1.7008190699078463
1.617044420439022
1.333432071858621
1.373625764799861
1.757237221594226
1.9182766224369028
1.9566356829439644
1.6751312309863107
1.8634702425001497
0.4967624590300048
2.534522669922143
0.4349284724048333
0.2552663934432646
3.425469173071078
0.46929084848188524
2.4983450969064593
1.8237944294511064
1.1167528865790946
0.8179976918887106
6.846214220801634
0.9405507818026703
0.4022084443948948
0.5828270051001836
1.9354075014214553
4.2382489771229865
2.6098188424708595
2.5221485286715946
1.8611320454667555
3.653379341816578
2.7797749995292658
1.3232387990008885
2.923483869175196
6.984108535240433
1.189206902120829
0.7918460636598406
1.4610681570917372
2.0568321971827306
0.8857382501305776
4.737402338248761
2.6196852264286425
2.4282220984241683
1.388973044674102
0.9638133896304123
0.5719794936496728
1.9013424507720365
0.3152043122998995
1.8442336430953903
0.9869636599706187
0.18674015584040415
0.6752409432032842
0.5388321463491785
0.34361160782617906
2.6841631585219865
4.401002609799942
0.33404966522080803
1.7254740133476376
2.0024409743403133
1.6939688036049676
1.8920490329549315
6.60238544665374
5.4693582988904215
2.111127651721549
2.454296917498015
3.944505171804713
0.7230169756460547
0.2648574937277898
1.2979467350454652
2.505492124310186
2.077786772617222
2.278710465884858
2.0353242262556464
0.858952460106942
1.131612661696094
0.10034874073356284
2.2714678281366294
0.7219485903404367
0.6936596617248727
0.33921348304329496
3.677686055618512
3.182401255851561
6.344176823004242
2.2115098373048276
3.335079468390688
2.037981952175358
2.4163662067434775
0.8840993752332076
1.113949513433413
2.2550381069521084
0.6493391547720433
0.5869739498756971
2.3561884558430033
1.6288436308968282
2.1209895245125505
1.3317147766854907
3.2629989290812222
1.2909619374128012
0.9233153574454716
1.0572725750715328
4.534800965988982
0.6780085462033967
1.523971038747415
1.9162308337870264
0.6996063845687074
1.8411160169808687
0.7076752181042686
2.224543838710299
4.58303640204724
0.6504029474824796
2.7715880097458987
2.1566460213118552
2.2926069156892983
2.7225498349344748
3.485740121077433
0.16130459794376717
1.5375271767847976
3.2883570319587605
2.7733250969572967
0.9480685756688422
1.213737154381646
0.7204968143195712
3.7271769543024265
1.4548367614892388
1.7760563773180424
3.1876125936005346
0.4174546643580537
2.7265392101046166
2.8118383460209895
1.6564517960053475
0.1991008096497857
2.051294356356312
5.237249170717904
2.0947907149067855
1.0357444223019392
1.9926430928314085
3.111478936295961
3.44691135075993
2.059113342610528
3.029395964361738
2.091065038871056
2.2875656108623685
2.6210895104937046
2.6110440820027594
3.267063258059531
0.7763793991160256
0.9278737907552819
3.2335426313058524
1.0329228536419166
1.3949907357935751
1.0628353460114943
4.008998386775889
2.49348517230656
2.3911405919543167
2.9642455629187463
0.9681751426117384
5.241671779154305
1.3595092668404118
3.6591401160565216
0.30713898394796985
1.5545591196385475
5.326813452312792
1.6192716908306222
5.695712260331987
2.41830750192121
2.1310781313347578
2.796708797603294
2.0505814324434217
3.215340105057751
0.7318865268367902
1.4964029712915812
0.16634267790101562
4.0648818877481965
2.3337207395416533
2.1943296864898434
0.4156376693783847
2.4348694106005526
0.5953678406943074
0.3544893346805555
0.5772413161331377
2.4433761300109507
2.924019307338487
1.7868637863409387
0.6106394188985824
0.8751118185091049
0.5721629068952107
3.6381022707488926
3.6407061877273703
4.314922691993219
2.4704452824375602
0.7713937917439351
1.3695393662261541
0.9894359239983546
2.6560530716526687
3.343400072048078
0.6769684516217663
3.7066375696944243
0.9973116113888622
2.3894957964600545
0.544977930244636
3.9621387136745785
2.3191604909145282
0.9049264479433952
1.1654023252170118
5.589250964473548
0.45799479444385655
1.920697194995377
0.09807143440021596
1.1136211075068203
1.0296174245970116
2.6897299661972967
0.5670853052432903
0.05070516167278467
1.1962930950611308
1.4446734444547855
0.6685713844803222
1.0684907175486162
4.117099551651763
1.9226718109990508
2.5663023213786094
2.3576119700784672
1.1929634778854805
2.474378439563459
2.0380864940759458
0.9444238565616894
1.3126095004416702
3.7481360981982568
1.8144251266424316
4.249359556601659
1.761357763098733
2.1072656383037813
1.365633610232298
2.0534728611540425
0.3578038880132033
