#Expression="Expo(scale = 1.0)", ExpressionName="Just a Expo Distribution"
#ReplicationNumber=1
0.7833981045606442
2.0119533336680036
1.2294439129364532
1.6929130317688257
1.9945277741131555
2.1289752596881866
1.3470162042117786
0.8318215344136604
0.5778171741290927
0.12496798092657667
0.5601016430983969
0.30698046173388804
0.983699955610327
0.008845282708713712
0.9275290264298904
0.49492398165038337
3.8441806300464423
0.379090187387754
0.8886752796043345
1.0488567499907386
0.04085235945136119
0.29231470671404397
2.111120934329
1.6923704361213208
3.2326008688188494
1.1716577957461434
1.862032622549399
1.3243529095956936
0.42302605457245096
0.32205271417238446
0.19688613802228008
6.6276756291370145
0.25070901809406204
1.1263885958397715
0.4086735553613799
1.0340330782715343
0.16144592958630977
0.6539010647713103
0.8343321912010623
0.09480039981266386
0.6993678703097891
0.13037792677803695
2.4111342930713953
1.5946949228948974
0.749717749300975
0.11695496913060309
2.018529995550965
0.2315713063999306
0.30729181985114307
0.2796649227850548
0.33488335407363257
0.552019279232092
0.8422729637199416
0.8203457247137141
0.6275634893486368
3.0964402785924903
0.2081568626467759
1.4657521145043824
0.0625607559967011
0.12992319295821833
2.38542979621332
0.6435872618702453
0.03417927430234266
1.6484467666854787
1.2226667095918407
0.6610785226171886
1.4218574416617293
1.6354442868744752
0.19105478369821485
0.44257263689961873
1.2275603129453954
1.0385325025371608
0.46098492053861034
0.784581516869552
0.07986584163266171
0.10480112427673816
0.4206451993123653
0.030618031482205033
1.754385434447385
1.580704260182811
0.5418250166480607
1.266189697400951
4.003941506217124
2.188361290741702
1.9453314544259808
0.49450512121031703
0.7162158936924916
0.4885569915155318
0.021102826471774243
0.18957336340467643
0.23632942787245417
2.3542700633999116
0.4236770682794729
0.16475823469098852
3.371636763027194
0.699443319468541
0.5655928840114693
1.0518115583279242
0.2686715426030468
0.12930679732698072
0.48372280883764485
0.05321132226129054
0.8771937381341403
0.31908560728327173
0.030900360102332297
0.8547163216842953
0.27322817386403925
0.7099077398046142
0.6586526692976021
0.2873424917431678
0.5492389063394846
0.06494099313498998
0.5472766404623673
0.1317942032474182
0.3163451678536151
0.14718114657900072
0.007172058732003622
0.3222286422339273
0.4348910063628457
4.119828737425355
0.06222127033803674
0.749276150558656
0.6542509106605234
0.7094698043481259
0.4451894748861829
3.7380683793180984
1.327107439273533
0.09006289516477516
0.7369913415486321
1.3843450123404553
5.775503780126425
0.36474742277806993
0.5991645731321478
2.388057430028919
0.7321136044094252
2.049413010639901
2.2172209821293993
2.371749473256382
0.44310724746094377
0.4496216603549983
1.8939752401317838
0.5407202825681686
3.3276440080103136
0.12029753566758185
0.7663868506094601
0.028295025394867775
0.21073219049940883
0.09804797982056895
1.2144901932349241
3.185936455162151
1.4141438440830956
2.014856119254941
0.5336053126593865
1.9607018254780835
0.20969216276830938
0.19002355904468238
1.3878427079869187
0.6791775068321547
1.1832283540638664
0.28400058713776577
0.6386798427545286
0.4221616632786753
0.3190776575587796
0.5171137465263553
0.5091777523707569
0.12479933588041855
1.353149014916997
5.857078607844856
0.5886301417826325
0.13003001114981816
1.3598834176954853
0.9463049790519442
0.965277332087115
0.7367618103145365
3.35901061678632
0.16509471431254688
2.3203984226415515
1.5017424044141265
0.016846707170114168
0.9746259312154624
1.3783116225869265
0.7795107077591393
1.6982259317869688
0.19455562904701162
1.3639493860258136
0.8189295757163451
0.7650848748143149
0.3268257253111015
0.4940519350363685
0.6785231936070685
0.6610664273319526
1.3021506878758848
0.025549785544381396
1.2318854724360055
0.34240371168510697
1.3752102252202485
1.9628913732652413
3.659196597075876
0.41792605038453107
2.4527637062117043
1.1592386133868804
0.060151977641991566
0.08947331072960316
2.6113958458482256
1.6177457658067578
2.4474996456854936
1.5456577942155132
0.6664394689486803
0.017160042575761238
3.640442334584167
0.026383794588895514
0.4013697804144587
0.7712297767189145
0.634897650128495
1.1204753071415419
0.5732420901252536
0.19608735001328784
0.3579651598146147
0.2602181865812112
0.07015262843042483
0.09728362333357722
1.327856947294996
0.14181464325358953
0.344680379109977
1.0643550015241505
1.509780208095323
1.5074216676077996
0.8300663760041873
0.0603008193990429
1.377315995644815
0.40508327106744774
0.9402443519584698
2.7261414959788586
1.2963921694868514
0.06223510282475794
0.19310035103101467
0.38057154499170737
1.771642248750451
1.7916961964272788
1.2157440973923535
0.16019155211090164
0.2509466225886852
0.45404294033531234
0.10628366982532211
0.33153966860188794
1.1972593698589806
0.14426236793232078
0.16082169660543127
2.051222908834279
0.26970890225765254
2.565575361931895
0.26583108326430155
0.6194296094225108
1.00644242406829
1.1835372130035744
0.1913140766493735
2.754541478517703
2.938757146241787
1.1020910688925623
0.7513042458278988
0.39524447722960543
1.2554710656275956
2.7967761074026307
1.4257572148410853
0.08095263128640222
0.9524884087038733
0.5600744074447956
1.3590899225913582
0.13916323443039935
2.294769175950758
2.288870288586801
0.1947421212863379
0.0736228589037736
0.5332487667291829
0.38185824103903737
1.0250570525542655
0.11604812394594036
1.3978415194861884
0.1073552404788635
2.222631524293914
1.099463898309219
0.22802862955178954
0.21765064814768822
1.581687493909459
0.06960263931744051
0.07113126831967888
0.6994793858372376
1.7027270577360298
0.014356522392732473
0.02808039827011572
1.6084063757851754
1.6183788488615072
1.536259267480749
0.5385972721434268
0.5226382637984027
1.3590159226509706
0.38381412134500553
0.41491516543780826
0.1798968901701621
0.2277641965580085
0.17507822453644423
1.3790467174133445
0.6665438694492507
0.09914562592176003
1.4103274195425977
0.18413145139962878
1.7580361897650958
0.019065493919837702
0.045634685849707056
0.12084023974524696
3.6003512274135288
0.11465528322647153
0.9457604236659111
0.4060719551589443
0.20278566696529116
0.36876110053397626
1.3760037131366418
0.23908540107986406
1.9898910756920218
0.15820198179420833
1.4990303790964936
1.2055834286952039
3.381356438866164
0.33032498856367803
0.5645746193354333
1.03196991745611
0.9238699059162416
0.37744597210884
0.4350484320813695
0.4535881132237001
3.0399057789881163
0.21128574904534037
0.01581141546366413
3.593674602865451
1.401486354789281
0.5198515662635769
0.8789424322313752
0.6015862462913005
0.9029412551411776
1.6120754059483788
0.5655444438543978
0.12565486168116816
0.4533879959325591
0.9091337147899875
0.24917223195502633
0.1639012852234551
0.21671006254197092
0.34772792467886976
2.30362474658304
0.5426368745615527
0.2663089933023501
2.106065574187734
0.44448350917227675
1.3906223572458427
0.5333276063615326
0.7151361808426571
0.5117180242358313
0.8638857107834926
1.2762922742841283
0.8273697322143921
0.08956670982364635
0.926641560543048
1.6693911396901298
0.7508823887510486
0.35060448632931696
0.8028344214763086
1.1572737502555501
0.27790629780509246
0.5478746658954264
0.10967272117799794
5.766443199078278
0.06581066133295786
0.18550751762036594
0.11915656943787113
3.3443748352805605
0.874504542471726
0.4913844418615702
2.1375123619354146
1.172014384880194
1.9776278071647628
0.27014102434365134
0.19930085670853015
0.011845817914156355
0.13989351023346072
1.3372574660477927
0.22443221322933998
0.3589079359528167
0.04198288466543522
1.6094042481688329
0.4340379165077018
0.6799708940119191
0.010719790471932781
0.04493817278679121
0.24356347149137925
0.8127525516008571
0.11241632612710818
0.49936423438188143
0.10850679074984679
0.6665233869297046
0.16132820464420336
0.02155008442211371
0.7245626622957222
0.1816420496994947
1.4811439728037565
1.86997951825075
0.44395876652414534
0.23437220381433596
0.21229942836076313
0.4225465635368931
0.49012330961438516
1.6959897006071134
0.19878507544846602
1.044593790286143
0.3597970015683308
0.20541389383700448
0.12523266872147995
2.342480142176183
0.6411634153114423
1.9832096272625943
1.9936644220041204
1.7239135747869025
0.07929140291492424
1.0856092604018617
0.41101053788469605
0.0004164904872495701
0.4572061824640045
0.8223647913089324
3.4945341199729945
0.010238540164962411
3.5703168512045784
0.6981949448493091
0.5593421476011364
0.7750901718513642
1.1704935006008377
0.35026685388572293
2.8757648262654634
0.8273649329776949
0.4890516199383811
0.33219157160628787
0.4278299345809263
1.7106573593434131
0.8593525980498373
5.477196679131102
0.0960061660301523
1.8956065715055677
0.09244475520023988
0.17175185054418116
0.1859811003678167
0.20492469436426294
0.3632224435110568
0.14254544410573441
1.0620673546476664
2.8601841520832534
1.7944920005605864
0.3658081889286173
5.592951377644194
0.23889205416469128
1.8841005793362042
3.823876287177647
0.8559733632717149
0.38596324967740253
0.8249076318473342
0.549621140756059
0.05939968575206439
0.3614967417785666
0.09128096410854848
0.042455813370933314
0.9800344937972597
0.031235620302456187
7.275874745721595
0.10136459619150105
1.5548499540110483
1.3320592914996299
0.20167039904315742
0.4899941058483068
0.15209793738431707
3.9976050126559644
0.402451709427666
1.0273688168344075
1.581590254439639
0.06366817000606359
0.8045594538816939
2.0875788792158656
2.0252724990708777
0.034338251317801355
1.0404280679789717
1.4955280299433302
1.403140094057939
1.0482830468395834
0.018608194897316903
0.20530101905524542
0.2734099360838724
0.1498657593590119
4.34948549624987
0.8122309636980065
1.2659004942924876
2.6268926916972597
0.4437126331692792
1.8871811425215688
0.751375626502049
0.14663264582220478
0.03664111199071954
2.2655866312901534
1.02994317123104
0.010648118381156839
1.3845435332919274
0.38603189608919325
1.2731191450268164
0.09183014322834318
0.45242326432996205
0.21252928184963873
1.3648468706218548
0.8431060581414724
3.462786770232082
1.47330287397902
0.20659225737762943
0.06035842387932528
0.26495705214353343
0.35779145860284445
0.02594651247370374
2.178229830844166
0.6506091964037243
1.103017733256925
0.28523262556364176
0.3994720518891369
0.7908823672469435
0.7937801493162009
0.10753417789405346
0.12725132918378465
1.4534529502774556
2.879298088889883
1.4181384959546366
1.5300732415158318
0.15692081696422877
1.0420539267406703
0.9317197982535828
0.3210737636124117
0.17066332844553303
0.795990730278317
0.6514565445123679
0.20125312412355126
2.84133815319842
0.6577285769989144
0.5616346011090343
2.465869137842228
0.8651081079687717
1.8698731386797693
1.2208358557494239
0.29903093215788856
0.36930236952025186
0.10619187920591071
0.5338250111731866
1.2520364798152115
2.222776243504258
0.668866981005791
0.3439047070168116
0.7703609897764327
0.08745946457688296
4.006100186502212
0.023299211630661648
0.5699390527952274
0.13858690812511174
0.9195334378942348
0.6228202881451712
2.282867595188542
0.0807627156482015
0.042776638442142106
0.18950852227898413
3.3031725880162552
0.09936129926142231
1.762499434151368
1.0569594240276836
1.0919577565049179
1.1483326926161836
1.1954499966338124
3.4957298905848115
0.5045566887792985
0.43383298253301683
0.8670691485054338
0.5176214142189421
1.9856612637137843
0.07118972783988824
1.3764558386668797
0.5149482951556638
0.16648962307104112
0.31995049160437844
0.31605833102929665
0.774791630740895
1.3349026083464228
1.705703189767528
0.13578796349232156
0.6397839738113776
2.4929715513360753
0.6185703189925182
0.2909448210809322
0.5076013368506446
0.6252636375237208
0.4018662586771828
0.9730531413229343
0.05749245355135413
0.054390062024975164
1.3820284261144777
1.2300140701639404
0.8268828749579408
0.49548487868671104
1.6838516441273648
1.894501150298079
1.304314669807556
0.929255873929259
2.440669035911793
0.3118766143419626
1.390526091955917
1.3018367609086514
0.05790607311595524
0.6676927391018954
0.8140052431937214
0.4104132386935185
1.0628000708786343
0.25486549978546086
1.6908787500909592
1.4707879902718166
0.7593980002825288
0.11634700483808938
0.3640482755873405
0.14780095664760745
0.32025004856306666
2.6449390962134616
0.4070268780218114
0.6255736587028637
0.3249428253568131
0.7301631929425227
0.26559501854577094
1.484529327056911
1.343299315230939
0.9895936073346644
0.5565952925881245
0.18659454265975278
0.015465620050093333
0.4852538776103607
0.10718054385797504
0.08634732485294516
0.3219803742643833
0.7744548759800481
0.5227845568844353
0.4816251591565535
3.1264284825947253
0.9376143461196575
1.7314707045127282
0.19393134775282975
2.655334913477253
0.0420734787965409
0.1644820533295184
0.1478387188566015
0.4622067130043439
1.8467668371837833
4.5220823288593435
0.7062824755275614
0.7312777377813628
2.165131534943121
1.9949409322152176
0.7272788720705167
0.790810111159391
0.23931361235521503
2.2219316198270755
0.42696700926307474
0.13315599764453223
2.5061963624650354
1.2692214468231797
1.1000265807456175
2.0194899858679514
0.7489085772870887
0.8883283495009233
0.7051897886010542
0.9697303245954854
1.0016257709430396
3.657603571519806
0.655683969968087
3.1796794642997206
0.37466971164955537
0.04335753579521187
0.10611961715811788
0.274312510077195
0.40345626269130813
0.20651224338689292
0.43398870072691237
0.4084039951591893
1.1344559386320365
3.257158942084306
0.8393647529553857
0.14547690214414102
0.21413866900656456
1.744430829153935
2.496761472519387
0.6900657741147114
3.684741071019349
0.41357670048961614
0.38552260613292433
0.2387066391228751
0.11913768825233725
1.3206372118408016
1.8251051729065055
0.4660130368618748
0.6421977240624872
0.8122526554819931
4.084628171885112
1.7560097615777273
0.711663911857371
0.1957810650666015
0.58804630267866
1.3163861006259139
1.3788733008832723
0.8935996609929814
0.4713850372638559
0.49331827215544943
1.2162862869737316
1.5184987035028925
2.047989800813675
0.18893633054115616
0.5975691312199932
0.13039316743373874
0.008331382694577606
0.033906741282923994
0.1613175376530864
3.941813316105593
2.3328317280807034
0.2937791161185266
1.821215684530427
1.0022614320758405
0.8313825288768507
1.1235614188283398
0.6768640094487804
0.48610050166699154
0.6144600438234681
0.06990579012079291
0.47349881725066406
1.0611607285865063
0.35511903086000457
2.303929514518695
1.3409809617521382
3.5714308145807467
0.1742186185691556
4.416862507367449
0.7323275348165117
0.7997626636942272
0.583235477572833
0.9365114760807446
2.7259228435084006
1.5839166685040627
0.7016113308016342
0.19083403921126277
0.412975135272625
0.8267280971216837
0.710215273149994
0.6715641674290711
0.37363023812125823
1.2626861669297873
0.19417287170124967
0.0737137986072934
0.26004586065618934
2.7375559067052184
0.05375942124840386
1.5998374745489765
0.7694663289927589
0.29637857860220584
0.35541209225536524
1.2247255564438653
0.29066843427981415
1.7126925793851966
0.45794469772657154
0.6084174290768363
1.0940670064412623
0.10864055587784799
0.01729503661721231
0.10344600842659472
2.2759747091797125
0.10062601567480169
0.0919139519480242
0.11573543393385145
1.2960111618050578
2.8835010616657013
0.2477417746908962
0.12355241088494547
0.8874568372007059
0.8716956891534919
0.31663720824724595
0.8666956233268505
0.9682465546367954
0.1975135566982184
0.028324435769298505
0.1359957538826851
0.05232856701536454
0.30448876348633824
0.08659790081219079
0.3613866913707244
0.08956668155004098
4.868465702573184
1.4266687431294072
0.857754774672416
1.2453823868074683
0.5542721264065353
1.4396069536599183
0.23100325134383817
1.0500925414670457
2.6699629735516357
0.895998626545844
0.22487601691491282
0.3472442238044446
0.46631328513734605
0.57461797212291
0.6191828139572971
1.8504221203581237
0.026086265717453625
0.0159260088975895
0.49956283651387934
0.08780719352250418
0.25311240350710856
2.249366405695962
0.796903744310382
0.19758516568142034
0.7363910904224654
2.8578975903665516
0.01690920803757763
0.2489694579249348
0.6313655797240401
0.7386228556787638
1.5057761898375555
0.812242913934409
0.18161452545566845
0.6552232920120461
2.161608653401727
0.30730107596100203
1.485068519184467
0.6917761186437048
1.1138039231902133
2.6506962994134655
0.42449467209042163
0.08275740408541975
0.3243833840673682
2.4043987638205877
0.061541967916777116
3.356219808852515
0.28656336145948574
0.4240098566575549
0.22912625830517408
0.20364400930297621
1.7101064224205134
2.357676272877338
0.585664614899001
0.006416842328865048
0.19370444410464985
1.472072436179669
1.5979883699848048
0.4453705465668354
1.6074866037858966
0.0028435174779687434
1.7625881470219116
0.18861945723293297
1.4246365620631667
0.7472325795082561
0.725459926684658
0.22714544256304883
7.062350598404968
0.14202656236774952
1.8568671836434902
0.294790950947189
0.7219184573280693
0.10116826214048705
0.5199165231516524
0.6849727195252565
0.5767886157552522
1.0898917219726498
0.1686465698828945
2.3556842463336407
0.3041581184682723
1.3755086852970326
1.4285871517744508
0.3148315744004332
0.29312788254059663
1.511107540382635
0.8921248772052485
1.5820124597645844
1.2876574994236474
0.47795002362854705
0.12717764665526826
1.3632704010895182
1.8634096861366247
1.060150969720691
2.8307049756274605
2.904110766872437
0.8197116492951042
0.8646267871526117
1.5288362235869148
0.2458368628443094
0.1549378613504388
1.751084895163411
0.9156088032989311
1.7192998080434216
0.035290484781641145
0.5299964710244262
0.15169007219250727
0.9291837149211053
0.641021313250874
0.2174883560433933
0.12861924074241304
1.0637274165602395
1.5686838858622194
2.380495754039189
1.0256811594378197
1.0173730306068995
0.23660069911427484
1.0827478720123092
0.939013255268364
0.3070901501574745
0.4668894388544712
1.9132678147973368
0.40218210253474274
0.06866354597865215
1.4765689913632982
4.58910682452184
0.12575730760956583
0.6839690766302681
0.7299253363707995
0.2289256398946799
1.6442937102633357
0.5606949681420412
0.19126378611951225
1.0970664142111228
0.5551075368070076
0.4332064091386395
0.18690300621857928
1.116635005929305
0.558701039274823
0.09158624398140067
0.4596181955821017
0.19632970717032394
4.169023001622185
0.22972538692668584
0.272095548214095
0.2627616060794016
0.4322656061475217
1.1076312356972855
0.2975631470752441
0.4250991341996348
0.43523420521940903
1.9630654136850765
1.0481215488248001
2.3608056849743404
2.924710831430418
0.531039241872213
0.33346939799284914
1.512281726349665
0.8554838174616204
0.3864495455443554
0.3452081928969085
0.24487624347327713
0.4037589872477485
0.09643635360901885
1.6242284929995947
1.076915392458457
0.07407659988158004
0.0373867038504236
0.29101877806453863
0.7936371898698655
0.3549770277826958
0.25977481311534806
0.7589641481139516
1.1481111187567683
0.11579336983378774
1.0008481497830863
0.2571820929463782
0.08628306046398174
0.9963674715219755
1.5767274790645927
1.584720817268993
0.3488914548262066
1.3153683491981183
1.0059746692684703
0.4480058527268711
2.9653219205411667
0.08799641665293195
0.2810936833106742
0.4174686612545987
1.7948162671374244
0.340106567719702
0.7755857075014246
1.5723970627996575
0.189223661962923
1.033838601513102
0.3997834887311936
0.02623372309282977
1.907733029203283
0.2004841782147109
3.149706687491921
0.9065885059659923
1.0465801047581416
0.0025105536659993212
0.7091008853450049
1.0132112892512672
1.023639134665604
0.4327306388273426
