44.20333333333334
48.1425
47.018
49.774
49.120000000000005
51.736000000000004
49.372
53.470000000000006
48.330000000000005
48.61
47.452
45.254000000000005
42.116
41.809999999999995
42.282000000000004
42.862
46.088
49.286
51.86
50.647999999999996
50.065999999999995
50.11
48.378
47.362
51.46
55.10999999999999
55.19599999999999
55.44200000000001
57.086
57.854
57.07000000000001
57.31
57.338
60.396
60.364
55.96600000000001
51.25
49.622
42.544
43.092
41.272000000000006
42.507999999999996
44.178
45.47
43.088
46.001999999999995
46.403999999999996
47.116
50.578
51.286
52.24399999999999
56.402
54.196000000000005
50.672
50.768
53.68399999999999
52.064
52.98
51.565999999999995
53.44
51.44200000000001
51.705999999999996
51.422000000000004
54.222
48.436
50.35
50.44
47.426
45.708000000000006
49.534000000000006
50.04
47.448
50.17999999999999
54.336
56.798
54.07000000000001
55.222
56.480000000000004
54.878
53.513999999999996
49.606
49.366
47.75
45.11
48.324
51.596000000000004
55.064
55.168000000000006
57.288
53.272000000000006
54.126
52.212
52.734
51.715999999999994
50.57000000000001
48.964
47.58200000000001
43.983999999999995
43.832
45.288
47.238
50.837999999999994
51.572
52.866
56.616
55.402
55.902
57.013999999999996
57.306
52.136
50.61
48.496
52.092000000000006
52.94
52.81
53.414
52.58
48.882
46.2
46.976
46.126
43.525999999999996
44.992
45.812
48.44
52.324
54.528
51.408
52.182
49.396
45.852
47.233999999999995
50.327999999999996
51.596000000000004
52.206
53.572
54.738
55.972
54.10799999999999
55.422000000000004
56.166
51.434000000000005
47.608
49.034000000000006
48.336
44.304
45.074
46.746
46.58200000000001
42.879999999999995
46.315999999999995
46.814
44.788
46.507999999999996
51.629999999999995
50.83399999999999
52.416
50.507999999999996
45.916
42.466
46.236000000000004
49.16600000000001
55.306000000000004
58.90400000000001
57.806000000000004
56.362
53.614
50.09
48.938
51.314
48.982
49.124
56.394000000000005
57.34400000000001
57.446000000000005
54.96600000000001
57.284000000000006
52.688
53.23
51.672000000000004
55.124
53.874
53.31600000000001
52.998000000000005
53.878
50.902
47.762
47.648
46.536
43.416
44.934
45.198
44.594
44.928
47.852
47.43
46.232
48.083999999999996
46.4225
45.72666666666667
