#Expression="Normal(mean = 0, std_dev = 1)", ExpressionName="Just a Normal Distribution"
#ReplicationNumber=1
-0.5842188670987312
1.4659526085805539
-0.7474075720888883
1.7377976359564224
0.19170281201625744
-0.29306392302439743
-1.2211560400957577
-1.0928858406846236
0.2501111523908474
1.0592266532042616
-0.2573025782933136
0.5194836132350472
0.1960077293725261
-0.9836014361111542
-0.7838094635743943
-0.7583208167313511
0.5164229180658568
1.5283966292768136
-0.9019536396298686
-0.1263613311943635
-0.5954800978278603
-0.3922514484765051
-0.39942677718307246
0.08677653262079868
0.32444646686984147
0.22725841028911217
-0.09058201360676002
0.40095231626096783
-0.8274995313126143
-1.0752940188146711
0.5890799358152217
-0.5623072353871745
1.1683083311256244
-2.578252799993028
-1.4945897624979876
-0.5133342017464818
-0.05555381787173723
1.436952964097511
-0.6410366610606874
-1.526039929778193
0.9592328462052484
-0.5363544407733158
-1.4281080451059427
-0.9024217386522416
1.3431621176535522
-2.2220816588555503
0.4854419955015346
-0.9611441429007465
-1.0524779092485614
0.09869171529479806
1.6547973266602392
0.1977819285208698
1.0333511722888022
-0.4287615167224402
-1.238623473971409
-0.30916300855027085
0.38883862307923556
1.0390372980550868
0.3213878943433095
-0.7935253507056592
-0.1347434900997415
1.5873055543663925
0.8678962466418462
-1.4543882706571034
0.9257299997266242
0.8421774555551281
-0.9835895753904629
-0.5770975078733006
-0.2751051759888678
-1.0327027080168856
1.7553111983928844
-0.692603011246741
-0.2126663730232257
1.3968899716303154
-0.2204963055430935
-0.011334913713949625
-1.02864864192315
0.3653480786775524
-1.149858652935029
0.8677764412112275
-0.5024650340309483
-0.09997576996128119
-0.2790384254431915
-1.8394334869305813
-0.4862604100012042
-0.25233067926685016
-0.34261449892454926
1.007054159113953
1.8387785510320418
0.4807696131755287
-0.0010348868278638556
0.9396634902099679
1.1415621498882031
-2.191075168517152
1.065905397706798
-0.1812023332462758
-1.808577350193237
-1.0399132968434823
-0.8114063474260655
1.0095196751185482
-0.15745430509958766
0.632035298547862
-1.0140114389985
0.10199772042050026
0.5601505714911649
-1.3573627986541419
1.1821110683071487
1.8675776922379708
-0.035184243611993585
0.7083279532057549
-0.12104470076872877
-0.3408538255244999
0.14362346853424582
0.6830891648361778
-0.02483803177015022
-0.5555542051823771
-0.20450620812314882
-0.3561098880802849
0.3098127771970252
-0.2762498002803038
0.32636227851605454
1.0246086965107395
-0.8030401710171705
-0.31208668348756446
-1.2052271957230145
-0.4805259056944179
1.2011999004665028
1.059264937349095
-2.4581950156984624
0.142294091073476
-0.8463122957089341
0.2807062845440816
-0.6948602166865278
-0.2263444079710121
-1.4904636425200681
0.11767749203372582
-0.4483346230238835
2.104769191763034
-0.7046182843766562
0.6771742498912813
1.6585532190562406
-0.154024836834367
-0.30710161893244675
0.2385298196744834
-0.1768539352696479
-0.2773444639311804
-1.1468117592626952
-2.006089615529589
1.0165616682575764
-1.8368732764475895
0.5803305893962747
0.536626281354826
0.27879060634935704
0.42124896677601525
0.64715127301464
1.7006246563534264
-0.4190609729313201
-1.6238271838731957
-0.20238282584738934
1.0253519021567088
1.0270726595242434
-1.1566520808549392
-0.45478428891117756
-1.9376247466794274
0.2031058076238227
0.20862956222569917
-0.04168214073093921
0.9854605060877164
0.21595943210177712
-0.6238317878631994
0.6699847386311493
0.1536629908202199
-0.8350652612769692
-0.7159372962801998
-1.858787828274827
-0.6170058625992517
0.7656991569304843
1.2753335767126688
0.9288063247594349
-1.0978222168594576
1.5516352125812685
-1.7967178767190197
-0.30724530429429364
0.7832999651908732
1.0117023926046884
0.01915397625843213
-0.5679686401867137
-0.19622879501266965
-2.0401192359737115
2.124867552853544
-0.9606531026433366
1.5716124893141818
-0.4617089440103839
0.9544856601993016
0.47242297611811657
-0.9756916685978531
-0.08210694277480114
-0.8147769737168816
-0.825273536047804
2.157418309101309
-0.298388327722659
0.6604464078749521
-1.3229295611472838
-0.9280782050970267
-0.6304508462149399
-0.7251055942950289
1.1443251719449223
-1.3435661134836971
-0.3178585059767932
1.3155237819554426
0.35078602565391964
-1.3792236133875326
-0.47085469861304696
-0.4089745163435379
-0.8295551098310431
-0.3622471617999234
1.7488247334267277
-0.5133098355176641
0.18169110356954898
-0.20832117251660195
-0.2420907013907309
-0.8423446655022977
-0.734044780104094
0.37143174577215016
0.047963481899664255
1.8248407295706925
0.2576948913717745
1.8155750200241096
0.6483731756345568
0.5936136620378403
-1.4122670365062093
1.0464863013128676
0.990175864312569
-0.9674346938294002
-0.22054993887583418
2.293042963593828
-0.05440804311033816
0.9905255691294259
-0.8045581429998991
0.3048014961733998
1.1294037875342058
-1.2865885089167006
0.0017581254626112095
0.7259001410687845
0.26060237800900526
-0.9773817277989854
-0.40595441984500624
-1.137829544025375
0.34076385844607965
-0.4207138501826982
-0.8552446295177047
-2.3863911251060577
-0.5778493595623636
0.29473485879955025
-0.7529527104913977
-1.4598455790598963
-0.047753196468295005
-0.5142053358991302
0.9222761677291998
-0.8479853319489332
0.8228301966276491
1.0517454885410662
-1.958092999568712
-0.31280791423426324
0.3940460055752635
-0.10583107254870375
-0.02486551201639238
1.7648597895398064
0.8790269688417995
-1.9875012781568222
0.5999387904834207
0.01884506743083386
0.7733573961214011
1.2293689519079474
0.30377981823193406
1.3711584945563986
0.4633434289520631
0.2616127330699542
-1.4359271955514967
0.8030156167561727
1.1181377366931795
-0.8322632970222411
-2.074043972056141
0.8980813872761179
-0.27357941196011865
-0.5683620338884633
-0.2922751451482831
-0.34375397566286864
-0.7173433324091667
-0.2557689553071144
0.6325743731490515
-1.0202642793101377
-0.08201314803060597
0.6308378761731451
1.1737589219613345
-0.2629642425198239
1.7594392090391635
-0.7068277604215459
0.5683400549038862
-0.4879002898577238
0.3865768066500987
0.17114022975169804
-0.36982775265496065
1.1200563595036024
-0.20941065101337658
-1.917952382288416
2.6209461340089657
-1.6445755558835795
0.7430462843689071
-1.1414372343259944
-1.025742741037714
0.7857615798373255
-1.6055589993629824
-1.5024510109700393
-0.8352310060567587
0.5335252027311875
-0.1565632621786003
-0.14356952250325364
-0.11249842530857702
0.2266833527228723
2.1602327430884642
-1.4744248576052104
0.06531018801931338
-1.6485804613407815
1.4575375506297776
0.5193119994794676
0.014940223525231304
1.5904823209863903
-1.3046180261621372
0.05030763621061474
-1.839604760368375
-0.9492496455879569
-1.1074020119481816
-0.23066122934136932
-0.25391977456256337
1.7799705155076428
-1.4148505553779247
-0.28079559414333516
-0.07118463892028244
-0.20017320456154036
-1.5993716786686005
0.7059121978687523
-0.7513490813547254
-0.2508940714081441
-0.2862029172221471
1.227114930985815
-0.2921228297222545
0.14864623058678333
0.407436270227019
2.7829890455088737
-0.43155660781928534
-1.273547140923588
-1.5670428649576054
-0.276364702961566
-0.16574648200638298
-1.08129610739336
-0.20630814127845903
0.6939989689346162
-0.3865311434120386
0.9856424437304195
1.225196405081796
0.4058829513106868
-0.5446988828146562
0.5047153969219398
0.018600922110605118
0.4945130188095879
-0.09722128726058693
-0.5337830475416386
-0.46631384258387865
-0.7796322451002122
-1.7020971003050456
0.19603123777023748
-1.4504479485544297
-1.0915082524969386
-0.08264573135491003
-0.6818622000496045
-0.8798128041456632
-1.540894150214813
0.37346788195246955
1.245496896825929
-0.10814723048629017
-1.4967393137562104
-0.9567418601033694
-0.9097983096542895
-1.0108102382499176
-0.412101555561428
-0.4257509062785031
-0.2892270263682544
-0.5286694508641613
1.9484450711323817
-0.10044329161357814
1.0320247227134904
0.6384379053933467
-2.944992661589414
1.8069619867489979
1.6607687770639934
0.8040961494450324
0.0626394356959849
-0.9565115084604884
2.159990951356998
-1.6513679749019732
-0.01930770769283849
0.17856980961126442
-0.23074266703253066
0.5001619326535547
0.8128573167006805
-0.5523151785027787
-0.5656777167690238
-0.8735900424579955
0.720838857623457
0.40615876162810677
-0.03719518733236702
-0.7290032240174421
-2.114037830925113
0.5278278237177562
-1.1997025137004305
1.0382374995811394
0.9817018765056178
-0.01489913877912728
0.9835597010031215
-0.571861427866817
0.26178882139597925
-2.053279414641893
-0.3400416158930721
0.5034833634261594
-0.3166126349612075
-0.9340179241124685
1.3380544369341556
-2.6562802869853233
-0.44288387077268393
-0.6372962948047685
-0.6245897309244115
0.8632178461467196
-0.9047828204550838
0.029904154761989044
-0.27851038340028994
-1.704202255689257
0.47987862145066135
-1.7670076221625761
0.49959995329310286
0.7725881925906267
1.247833242841124
0.4495938532814774
-0.8226421850721567
-1.4070684459596827
-0.22392881706980128
-1.8065841172653323
0.5905059037816419
-0.46035564425311154
1.3324934365104681
-0.23894729934846579
0.07968082834310661
-0.9851842050645256
-0.39463928081237076
-0.12190131318175193
-0.19789560191438205
0.9937627824903834
0.6476022259446055
-0.06811724412588549
-0.6755653615822598
-0.5196249778905283
1.5778097868361027
-0.8942466265638125
-0.03266463830583281
0.6357234059626665
-0.03588333717115288
-0.349841516414022
-1.7841449238546867
1.2916750100098473
0.8914070492587473
-0.46799840373612484
-0.8504198853184601
-1.401520182249265
0.0047222395411344155
-1.3250979399884177
0.005001653571362448
-0.325779532418703
1.4158436860367931
0.006388713271287273
0.25850750458476873
-0.7940110958629135
0.010632702789540626
-0.8158778825036275
-1.0428012627704921
-1.470794272288248
1.8906667657895497
-0.18978204526780856
1.3851881653660447
0.3603826285191403
1.6018608578145954
0.5453994574408694
1.6672493051598474
0.6944461201828187
0.6807726759319831
-0.08217123112967707
-1.058089578376004
1.2777712409241115
0.18427064841504529
0.9139177035321394
-1.2709512643451384
1.9424814865061895
-0.6271480696189068
-1.3489388583310922
0.036508368459770284
-0.12006126501237678
0.031206058108216188
0.02385731388379912
-1.0209259333742882
0.6110417646031642
-0.270017239218793
-0.5093653160553748
1.584947839757698
-0.22406358447107988
0.19633495344490318
0.18896793431619344
-0.8714628210630939
0.8226876737449988
0.025247185760375237
-0.26345410748388215
0.7588075436260278
1.355066296715446
0.7403645770018978
1.6521874681123645
0.5203117058939827
1.7069696896039075
-0.06176119060499416
0.5983672858693253
0.4408916478455747
-1.135023309561345
-1.188292465306674
0.4768807833350104
-1.1489648394337213
-0.8692842006015604
-1.5409132761140183
-0.7621826552399972
0.9312617147792942
-0.42634067681592824
2.732839108072683
-1.2284727082938254
-0.5594921387400323
0.5915705546577851
0.01180113466747319
-0.5406798468508397
0.11968707722201845
1.196740607637857
-0.6300536583436
-0.24918107810321857
-1.3808669881034887
-1.7396486386292938
-0.506491149342834
-0.8700435118410589
1.8208328504928988
0.05343537664919211
-0.21225476387796438
-1.4794337953763523
1.0174391081874687
0.6119184652479075
-1.7833993860233335
-1.2617271635380598
-0.7021255937619368
0.05480662855500835
0.48378939683089844
0.7502868186941922
-0.2502538622607845
0.3729046711486229
-0.5926655254800522
-0.9610869843830977
0.5042255944509347
-0.6430980226271351
-0.7294716852007638
-0.3449437410489406
1.0438306608639758
0.6028835397276933
-1.8063655069226157
-0.11881112002732024
-0.10982697477130882
-0.07095691552136711
0.35455794045446154
0.7088488544176812
1.0365677372057394
0.011585246194376269
-2.6540609625187885
-0.24059320072575582
1.277101038563624
1.6084438831246737
1.2854815260656298
0.2700079438802712
0.04223908889759546
-0.9138716132646232
0.7026721562383196
-0.3976061900473421
0.3763846822739778
0.7128276605141723
-0.19300167762005585
0.7407143788976195
0.1710183968873717
-0.2948297095249756
0.2336431994167343
0.8492917070226079
-1.0056495984804463
0.4210459905420223
-0.5261837396099017
-1.2007649939853153
-0.8377463582273158
0.9304948630382734
0.3455004892751821
2.6121064275399677
-0.40352222846576563
1.1957216601728902
-1.8189276757305892
1.396543829021526
-1.037011437466329
0.14665850486709434
0.292061983839057
0.3340111036273108
-0.26623016737376115
0.16802090418419569
0.8596918907795315
-0.6834749186871268
0.7446523866596034
0.8473805768155377
-0.4108819251549538
0.056086678497466236
-0.15433469435085892
0.32296953813099694
-0.6416866864034553
0.536332453219247
-0.6872877650317504
-0.8310153488563912
-0.5883882509818029
0.8966506793774359
0.5075082129173495
0.6034983457517596
-1.918007410763071
0.2686586102781684
0.24003140847278537
1.1614722954753895
-0.3158645477137745
-1.69828451306875
-0.2505666867035956
-2.5355308890559978
1.4608684614859717
1.6101201845471513
-0.5441818325267781
-0.07036509300373774
0.1317950542900539
0.8897487093464067
1.7454018458643792
0.6548489317721202
-1.406011598637588
-0.9055627777051388
-0.38256069435497325
0.6262994039938383
0.12025451496012605
0.20991126136772326
0.15793377273140152
0.6187954289907267
0.609370704288013
0.5400099018760717
0.4307915190279965
0.669908187613726
-0.4659666912980161
-0.09951645055402836
0.18427989375784076
0.5511211569142652
-1.692691767450005
0.5120559169606872
-0.3751677507733262
-0.12955866881369116
2.267450936832929
0.9265978632685502
0.3933564287851594
-1.2399653249701235
0.10525382882571352
0.05273128949765313
0.1356089106468534
-2.4822000274183247
-0.9915763873109834
-0.6062363264141325
-0.2341762926505052
-2.49228787453997
-0.8782139543114197
-1.1856930359641842
0.9278542350067402
0.4824336810888304
0.8031450102584
0.8394469796972318
0.5958976913031647
0.6417363520108216
0.5233105002984189
-0.014835177421030908
0.46615494910414373
-1.0849599289297875
0.05831079391061617
-0.80384526429732
0.9236316075399199
2.898536376368118
-0.8416857613327566
2.2100918797613107
-2.4243890707344797
1.265659467826696
0.5948700240980256
-0.9222513423977785
0.9405186046004215
-0.5616685529078286
1.177551002162713
0.3598419950522973
0.007442555748602253
1.0046079019610095
0.5402685649798082
0.07746847266265487
0.6574329123919737
-2.4851519078484987
0.10930673010648426
0.6719814253501837
1.1050377960140825
-0.8976017450235638
0.07199432736957025
0.9859916844603971
2.1996008783833463
0.173910781605626
0.9938374609368602
0.01476038794675129
-0.8462078016993627
0.47476971461705003
-0.142331400173142
-0.8118451451819941
-1.4094748812799127
-0.46939048758882235
0.39768652979027597
1.1284921080473427
0.23269045240276354
-0.26215041770387715
1.2694431887879591
0.33205529647932
0.02793035614125597
2.1500330299587924
0.2050533524735769
0.42529873840539756
-1.2972488051743392
0.4927806300630963
-1.9652092947848152
-0.5015835417205131
-1.0324135956836304
-0.7712928602146175
0.5031023858942749
0.017399309230711264
-1.463510750647345
1.221002357988339
1.328634240678512
-0.5191836769418687
-0.8634722522603574
-0.5296764755721597
1.0371640655325585
-0.8597566872707509
-0.12372076926477477
0.8306162258030011
-0.7041841894948146
0.41217016995930594
1.1772285682190795
-1.4744169341564872
0.889756912908308
-0.666237802058414
0.6056929941920408
-1.310787555710567
1.2499072048022837
-0.995302621870703
1.390324740144358
1.5418307731886478
0.34779006828228837
-0.06392838173307218
0.5629861773332544
-1.150125438969063
0.2052290444289948
1.0177634668231073
-1.3601350737158675
-0.5255061052103924
0.3172652119832674
-1.5151691618687204
-0.8212125571887604
1.8378640794418022
-0.4310252536814797
-1.1837409437556656
0.06056223129741201
0.05454232759731522
1.254689524862775
-0.29378532947412944
0.27508105045076636
-0.12440445111471167
0.7895685451124198
-0.9978503057685937
1.2383071732505546
1.991596068033367
1.853770666709385
1.0029939806851318
-0.5899734198545431
-0.3917574336157134
-2.0430926525968345
1.7148304849541405
0.49715832585363384
0.3026430415134316
-0.8164262578839394
-0.601730591705971
0.4573294665663269
1.1768498013495212
-0.3043434606642651
0.43965657595480506
-1.428187870902165
0.5833650468089228
0.09774153043418726
-2.853567540247589
2.1450859379324108
-0.24384439364997515
0.4733094714592647
-0.5016230084205051
0.5927671164558953
-0.3263647313433172
-1.9274368020069412
-0.4523737948492977
-0.945070840694651
-0.9556946091184543
-0.47024963592083835
-2.107603567016261
-1.7508114237323444
0.7142238985831493
-0.227086167292671
0.8849157520964467
-0.283142113258943
-1.0659022834410756
-0.8874356339684202
0.1751345356503586
0.3347155618400884
1.0557029629054835
1.0324636200804411
-1.5622749088520702
-1.0227455173874913
0.37581913016378043
-0.19200577687168988
-0.5395747634355518
-1.688643307084262
1.2101847049189631
0.5805735966791955
-1.8444593524893003
-0.29012887589037073
-2.4916595589602175
1.316061360639147
-0.03984387620469656
0.9615736624749078
-1.9836118461829513
0.9160182845625955
1.5337923029402418
1.7802133670732294
0.14909236270157833
-0.48248081945791127
-0.8407398909561722
-0.5005416524351624
0.3139115892272232
-0.6113696871370881
0.8647170678682697
0.6136440756222037
-0.682879509634734
-0.9817529338976617
0.07054900580557069
-1.0456649657190724
-1.6668114851028013
1.7794237555828902
0.6943611463659607
-2.161440194222146
-0.6071494804447248
0.06274378323662468
-0.31819711810091467
1.440945396763649
-1.0977601190713229
-0.23239578950341397
-0.12482433018010439
1.2305553536173819
-2.09255136283671
1.1620932012820149
0.423610966497674
0.3764935041284936
-0.7309345424162907
1.3578703498059377
-0.6446474697130091
1.0710356080499202
1.3837808576839299
-0.3452566642257818
-0.13223348783295522
1.6728003847156052
-0.34507661958587554
-0.17259519516864014
2.006809646297702
1.0658839016974828
-0.7408645523222771
0.8968240366567563
-0.2657561262993871
0.2977123282583541
0.625255462937198
-1.0879747497368708
-0.20222703205390094
2.1336516499083067
-0.41125464836651304
0.2783696716602025
-0.02105867282224165
0.5413118045603489
-0.9035677628657307
0.30724121941170707
1.366063894911441
-0.49881120202116674
-1.531326496336288
0.029434212859116952
0.4966696272388569
0.424913153928784
0.8302872513079489
0.3524558486378413
0.2841194281687036
0.08155335398274584
2.129211118801044
0.4518696177244496
0.7685409110393803
-0.915735682316981
-0.5275134018011916
0.27227428846315715
0.6457368453603639
0.9944518377945392
-0.29426514310189866
1.3218722260157694
-0.30606429095533755
-0.5256886915594715
-0.40382653787109013
1.3451314579017775
-1.0480550697805682
-1.3554630864048867
1.1474434551492796
2.4808084844049683
0.6003836771903034
0.5728397234627423
0.8017162945298785
0.7717706751728259
-0.25431180983915147
-0.8010655998235563
0.5136501204789921
-2.669555273831532
-1.040053421063204
-1.5360844918670316
-0.3252949913631843
-2.131241790728788
0.05653292735604195
-0.38541958901172313
1.5594412268566098
-0.7429997211786515
-0.8745846665189012
0.860852062128942
-0.30615984374666394
0.5936529245011016
-0.8302372238012271
0.4278323373448246
-0.2578318512297858
0.048705418996994786
0.2876890986546804
0.5629540225193372
0.08869006173993907
0.011983472039801093
0.827703909275606
0.8615554012503481
0.04068310123890319
1.3034218656632357
0.053838876611116554
-1.72149538104373
-0.5317349379146168
0.026674828311672106
0.5184161886011619
-0.5779307374077431
0.2628492646434449
2.2293475825665197
0.13310422504033378
0.6137927262481667
-2.244167711165842
-2.1766070356570424
-0.8644789414654627
0.49930527848510076
-1.3361604762322845
1.362260254056769
-0.4234368267381271
-0.9570215686613045
2.1912526582641254
-0.37105861341315155
-0.8219023572292047
-0.5094677601792285
-0.5343039336951375
-0.3208033050069819
-1.5152449822134575
-1.4607746544865676
0.12763933815937947
-0.6489621710473344
-0.5272851202864173
-0.8313191817651154
0.5050656337960804
0.35157446917684076
1.9454293552194128
1.2786539161723862
