#Expression="NR(Resource_1)", ExpressionName="resource_1 number busy"
#ReplicationNumber=1
0.00 53.55
0.10 38.61
0.20 40.45
0.30 59.96
0.40 42.52
0.50 67.33
0.60 35.34
0.70 53.53
0.80 48.14
0.90 63.01
1.00 41.63
1.10 36.74
1.20 47.74
1.30 37.15
1.40 47.32
1.50 40.10
1.60 39.10
1.70 50.64
1.80 53.28
1.90 63.31
2.00 52.97
2.10 33.04
2.20 47.73
2.30 53.50
2.40 54.65
2.50 47.89
2.60 53.53
2.70 65.98
2.80 53.93
2.90 55.88
3.00 56.11
3.10 57.37
3.20 62.06
3.30 55.13
3.40 56.02
3.50 71.40
3.60 57.21
3.70 40.07
3.80 31.55
3.90 47.88
4.00 36.01
4.10 59.95
4.20 30.97
4.30 37.73
4.40 56.23
4.50 42.47
4.60 48.04
4.70 45.54
4.80 39.74
4.90 59.79
5.00 59.78
5.10 51.58
5.20 50.33
5.30 60.53
5.40 48.76
5.50 42.16
5.60 52.06
5.70 64.91
5.80 52.43
5.90 53.34
6.00 35.09
6.10 61.43
6.20 54.92
6.30 53.75
6.40 51.92
6.50 49.09
6.60 32.50
6.70 64.49
6.80 54.20
6.90 36.85
7.00 40.50
7.10 51.63
7.20 67.02
7.30 41.24
7.40 50.51
7.50 61.28
7.60 63.94
7.70 53.38
7.80 47.00
7.90 56.80
8.00 53.27
8.10 57.12
8.20 33.84
8.30 45.80
8.40 48.72
8.50 40.07
8.60 73.19
8.70 50.20
8.80 63.14
8.90 49.24
9.00 50.67
9.10 53.11
9.20 54.47
9.30 53.57
9.40 51.85
9.50 45.58
9.60 47.38
9.70 46.44
9.80 46.66
9.90 33.86
10.00 44.82
10.10 54.66
10.20 56.19
10.30 64.66
10.40 37.53
10.50 51.29
10.60 73.41
10.70 50.12
10.80 67.16
10.90 43.09
11.00 52.75
11.10 47.56
11.20 42.49
11.30 56.59
11.40 61.07
11.50 56.99
11.60 46.91
11.70 45.51
11.80 52.42
11.90 42.58
12.00 43.58
12.10 50.79
12.20 41.26
12.30 39.42
12.40 49.91
12.50 47.68
12.60 63.93
12.70 60.68
12.80 50.44
12.90 34.31
13.00 51.55
13.10 50.00
13.20 42.96
13.30 57.35
13.40 49.78
13.50 57.89
13.60 53.05
13.70 49.79
13.80 63.18
13.90 55.95
14.00 48.57
14.10 59.62
14.20 53.51
14.30 39.52
14.40 36.82
14.50 55.70
14.60 56.13
14.70 33.35
14.80 43.37
14.90 45.18
15.00 54.88
15.10 37.62
15.20 50.53
15.30 45.86
15.40 35.05
15.50 63.48
15.60 63.23
15.70 46.55
15.80 53.77
15.90 25.51
16.00 40.52
16.10 45.98
16.20 65.40
16.30 68.42
16.40 56.21
16.50 58.51
16.60 40.49
16.70 58.18
16.80 54.68
16.90 38.59
17.00 52.75
17.10 52.37
17.20 46.52
17.30 55.39
17.40 74.94
17.50 57.50
17.60 52.88
17.70 34.12
17.80 66.98
17.90 51.96
18.00 60.21
18.10 45.09
18.20 51.38
18.30 60.73
18.40 49.17
18.50 58.62
18.60 49.49
18.70 36.50
18.80 45.03
18.90 48.60
19.00 53.06
19.10 33.89
19.20 44.09
19.30 46.35
19.40 45.58
19.50 54.73
19.60 48.51
19.70 41.98
19.80 40.36
19.90 54.84
