#Expression="Triangular(min_value = 0, moda = 5, mas_value = 10)", ExpressionName="Just a Triangular Distribution"
#ReplicationNumber=1
7.67
4.86
7.1
2.77
4.72
7.5
0.48
4.77
3.02
4.65
7.46
5.7
7.86
6.7
8.12
6.03
6.58
4.82
3.5
7.13
8.51
2.3
4.09
5.43
7.73
7.42
5.03
1.61
7.94
9.08
5.34
9.63
4.69
6.05
1.91
6.4
8.29
3.63
7.35
3.0
6.7
6.49
5.85
4.91
8.32
7.19
1.83
9.62
7.11
4.23
0.54
3.72
4.44
5.14
4.93
7.97
7.1
4.69
4.12
6.48
0.95
7.34
3.0
7.29
3.21
4.5
2.05
5.01
5.73
3.98
7.6
4.83
1.56
4.61
6.45
5.87
4.57
2.48
8.69
5.58
6.5
6.77
2.72
1.15
4.28
2.63
3.54
8.07
6.77
6.59
6.85
3.67
5.77
0.95
2.34
5.8
6.76
3.67
5.75
7.29
3.51
4.52
6.56
1.79
9.09
6.88
5.17
6.23
6.99
9.69
1.89
1.13
5.8
6.92
4.81
9.09
6.33
3.11
7.95
7.24
2.81
1.35
6.77
7.06
6.17
2.51
6.24
5.21
1.41
2.63
8.43
4.79
5.12
4.53
6.7
9.44
3.68
7.17
1.93
4.61
5.55
2.2
4.13
7.68
4.22
1.15
4.7
7.21
5.54
5.86
1.19
1.76
4.92
2.32
6.39
6.63
1.9
2.04
2.59
6.34
3.34
6.77
5.71
8.04
2.09
6.89
6.49
1.29
6.11
3.22
6.2
4.5
5.86
5.84
5.19
5.2
2.38
1.24
3.47
2.94
6.5
5.02
4.91
4.19
2.65
5.89
5.1
9.79
4.68
5.14
4.52
7.34
1.97
4.43
5.47
8.25
7.53
4.2
7.45
7.12
4.21
1.58
4.83
7.89
5.23
1.77
7.84
1.94
6.8
1.75
2.34
1.93
3.48
7.29
8.3
4.59
3.71
6.55
8.45
5.1
5.88
5.53
7.59
5.95
6.39
8.21
4.55
5.88
2.04
3.77
6.7
4.29
4.92
4.87
2.26
4.9
5.26
2.13
5.17
5.49
6.15
5.85
5.65
6.41
5.11
5.06
5.51
3.08
7.15
7.4
5.14
2.43
7.3
6.03
4.69
4.65
6.07
3.89
5.91
4.62
2.16
2.65
5.49
5.3
3.22
5.79
5.73
3.77
4.96
6.46
3.35
2.32
3.66
6.13
7.29
3.75
8.29
0.45
6.25
1.14
5.91
6.36
5.58
5.28
5.33
4.67
4.19
3.39
3.82
5.79
6.94
6.56
6.78
8.19
1.18
4.07
5.27
3.37
2.87
7.91
6.12
5.82
7.12
1.64
6.77
3.47
3.35
5.63
5.51
2.22
5.56
3.16
4.4
6.33
3.26
5.38
3.13
6.74
3.07
3.3
4.42
3.19
5.08
7.41
2.88
5.06
4.49
4.61
3.37
9.07
1.13
5.5
7.34
1.93
2.99
7.41
5.39
3.13
2.32
7.08
5.88
7.97
6.03
4.74
1.42
5.52
5.82
1.74
9.29
3.29
4.79
0.63
4.52
6.7
2.49
7.22
7.21
2.8
5.54
5.45
2.8
1.42
4.37
5.17
9.32
2.5
3.37
4.8
3.95
5.36
7.88
5.41
5.52
1.83
2.24
5.65
6.17
8.43
1.74
5.57
2.89
0.95
8.0
4.36
5.12
4.44
5.84
5.12
3.63
3.05
2.28
4.83
1.5
3.17
6.15
5.26
5.61
2.61
6.39
5.14
6.67
5.47
7.77
5.41
5.3
4.68
4.47
7.56
5.54
5.34
4.42
3.2
4.82
5.63
3.08
3.4
4.4
9.51
3.85
3.57
6.4
6.99
2.31
1.62
4.28
1.17
7.29
2.1
3.92
8.21
4.78
1.49
7.55
7.01
3.61
3.97
3.12
4.47
6.76
6.88
3.62
2.23
3.21
4.6
4.22
1.56
2.91
4.51
1.62
4.59
5.35
6.73
3.55
6.68
4.14
7.33
6.96
5.56
3.35
5.05
8.74
3.9
6.55
4.07
7.7
3.28
2.62
3.29
6.81
4.98
6.36
5.68
4.85
6.7
3.13
0.83
6.3
6.01
5.43
7.55
4.58
4.75
3.75
4.78
5.3
3.58
4.55
5.13
3.74
1.83
4.08
4.14
7.71
6.43
7.71
1.73
6.55
5.64
3.37
6.67
4.56
3.4
5.52
2.52
4.96
1.44
8.2
6.01
5.47
5.55
3.62
6.47
5.55
7.76
4.68
4.71
4.34
6.61
5.47
1.46
4.59
5.59
3.83
6.95
5.38
5.42
2.24
7.26
4.23
2.6
2.25
4.45
8.37
5.17
1.98
9.1
5.37
1.13
6.29
6.43
1.57
5.76
7.06
3.29
5.63
0.8
6.35
3.99
7.6
7.87
3.74
3.93
5.89
4.98
7.36
5.05
9.06
5.83
6.54
5.99
4.92
4.41
6.84
4.85
8.08
3.81
3.45
3.09
4.75
3.83
2.59
2.35
5.08
8.11
3.29
3.72
3.32
3.96
7.4
2.43
6.55
6.87
1.51
8.61
8.27
5.16
2.71
6.53
8.01
4.36
2.38
7.81
7.28
2.78
6.39
4.98
6.72
4.21
5.94
5.79
2.72
1.65
5.58
7.08
9.21
5.62
6.5
1.89
2.73
8.62
5.97
2.23
0.21
3.75
5.32
6.02
7.67
5.4
3.86
7.65
5.58
5.17
1.74
6.09
4.21
6.06
3.19
7.53
2.42
6.28
4.29
8.41
0.84
4.87
6.81
5.89
1.36
6.18
5.72
5.78
5.35
3.29
4.69
3.22
4.62
2.13
5.57
6.14
1.87
5.3
7.41
1.23
3.23
6.84
6.9
5.04
6.45
3.67
6.23
6.31
8.59
0.94
1.71
4.94
3.72
4.01
6.45
7.6
4.44
3.91
7.02
2.75
6.07
9.07
4.79
5.4
3.88
5.24
6.41
3.82
7.51
5.57
1.16
7.64
4.27
2.55
4.22
4.36
7.63
6.88
1.34
5.24
5.49
8.36
5.83
8.36
6.41
2.62
4.16
6.31
7.68
3.81
3.01
6.06
3.39
3.89
5.06
4.41
5.88
8.51
7.36
3.8
6.32
5.36
5.08
4.63
3.07
4.51
2.89
3.59
3.09
1.96
6.15
0.95
2.36
6.02
2.74
7.94
5.62
6.61
2.73
2.24
8.64
4.84
7.97
4.87
5.49
3.13
5.58
5.35
3.51
9.24
8.53
3.78
4.68
5.6
4.23
1.59
3.81
2.18
5.21
4.7
4.54
5.09
6.92
8.45
4.81
3.79
6.06
5.46
3.85
4.64
7.82
6.31
2.47
5.06
4.77
5.85
4.94
4.66
3.4
4.6
6.93
5.64
7.19
4.46
5.54
4.81
2.26
4.84
5.64
5.94
7.9
3.73
5.76
6.4
2.61
2.07
6.63
4.93
7.96
4.84
6.65
6.83
2.78
5.76
6.16
6.23
3.59
6.78
6.24
3.2
5.48
5.54
2.97
7.57
3.13
3.94
7.45
4.31
5.4
2.66
2.34
5.2
7.84
6.17
4.21
2.54
4.49
4.13
6.36
7.35
3.69
7.73
8.38
6.15
5.37
3.29
4.19
7.08
1.74
4.98
6.25
6.94
4.58
7.67
3.71
5.67
5.02
2.95
4.41
7.32
3.67
4.19
5.46
0.76
3.34
5.81
3.63
7.57
6.14
5.7
5.35
4.27
3.95
4.56
0.49
5.39
1.95
7.4
2.17
3.49
4.64
3.55
2.87
5.53
4.98
2.86
3.86
3.52
6.23
2.81
4.12
5.97
6.67
3.92
4.93
5.72
3.59
5.66
5.95
1.85
3.3
5.16
6.91
3.52
6.01
2.54
6.36
6.76
5.52
7.76
3.71
7.0
5.26
7.49
5.43
7.06
5.17
5.17
2.11
2.56
6.11
8.43
6.06
6.2
4.77
7.86
5.02
2.36
4.52
6.69
5.78
7.0
3.55
9.29
4.38
3.93
0.24
6.06
3.16
6.2
4.67
3.87
3.65
5.62
3.19
3.24
7.34
6.13
4.26
1.97
5.34
3.38
1.15
2.36
3.22
5.46
6.77
3.08
4.99
6.85
0.83
6.36
4.81
7.45
5.07
1.39
6.96
4.78
4.99
3.74
7.86
4.8
3.4
4.62
9.16
1.78
4.15
7.04
1.65
1.46
2.45
7.05
9.21
3.95
7.15
6.0
8.16
0.65
6.22
7.79
4.56
5.95
6.38
7.23
0.33
2.96
2.31
4.83
5.91
5.52
6.05
4.17
3.36
3.21
3.87
5.47
6.92
6.79
6.07
3.94
2.57
5.34
5.01
3.92
7.84
8.15
5.24
4.48