#Expression="Uniform(min = 0, max = 1)", ExpressionName="Just a Uniform Distribution"
#ReplicationNumber=1
0.11886812556456727
0.5444221776797007
0.8995934676246885
0.3349623634920367
0.24931001450887458
0.9231678675363795
0.7246044407043201
0.8647502801851744
0.8580260187516175
0.12025469269520062
0.8337863993264221
0.9801026016325339
0.3169267282440318
0.30230459513619146
0.2546435965442033
0.7424708000837436
0.6958525070013755
0.012918397495125022
0.06260143496699344
0.7274057794821367
0.36773308125694304
0.6124697127766269
0.5987751155034525
0.02312660740646988
0.7047251824349382
0.10943533885058465
0.6050834463805321
0.09639033074750614
0.34104309365934704
0.6792099351742297
0.5703460924505525
0.08692400141261847
0.23614475939839963
0.8798630646932548
0.3124160594942891
0.22877761933916585
0.7114793250262343
0.7330936652519731
0.5517910991075746
0.07833188135152203
0.8204233056122057
0.8007165122697284
0.09297525745024626
0.5823661386405156
0.2238348265140384
0.6462787630201375
0.20767188400611136
0.8272766744815373
0.22467800165681773
0.8245141588526328
0.1268729397518107
0.5001719238602023
0.26373498914980087
0.761145401936008
0.34446797641126325
0.18301984417778072
0.1286822610077396
0.08408858770866401
0.5576164710390535
0.3212560354785645
0.7291975117489846
0.2144237918289824
0.6010439272723777
0.9305668256649988
0.605176556762375
0.6072968906578059
0.1840737062534773
0.21593144996170466
0.9286450848033353
0.6048574739872655
0.7250014293174558
0.21028818402432836
0.9194497463362817
0.9601493906417448
0.272885778098685
0.7379427004558978
0.6629012949153704
0.4463782048764118
0.3643573426482377
0.8542106306364885
0.0982045999394433
0.3991461666287781
0.7366910105505318
0.6987578537502789
0.49524746924045304
0.7006944583358131
0.5819809799164597
0.09830780179615162
0.10099543798108224
0.03965885753795828
0.8089626347216351
0.23343529918961814
0.7420859162279321
0.3973664093193773
0.7444587529174969
0.56873366191109
0.6635514413297346
0.6580531300920749
0.7949243909161794
0.36881528070098124
0.19605175206982495
0.7232444312093494
0.5879572525395015
0.7219189982661198
0.7150016416325647
0.14386972811957865
0.5933589541174299
0.2323828397697668
0.5580701887229539
0.28190886089930955
0.4823245292734397
0.5956560231204324
0.5305736637398122
0.47885995910288126
0.6150942408186435
0.9020357760098342
0.435451897677693
0.5904103675849988
0.802652917514817
0.8222814530164367
0.7209728211852406
0.05811233662761506
0.05518624717750187
0.7205188282985588
0.24903078281537983
0.3024313127673449
0.12604298485870336
0.16362903506110094
0.5029038437175023
0.2882802571903126
0.796262908049849
0.32220913836400045
0.8757770170565016
0.9931484492259153
0.4938343077206615
0.24005312307516213
0.24519150305373605
0.1818971880012843
0.28834314869189137
0.7976020574609829
0.43632305686650874
0.5447291003165647
0.8266473096171173
0.751201778736708
0.43621494228180735
0.3481433215967965
0.43492455636891425
0.7636365237295654
0.9973081205322742
0.4152683813968733
0.8379489942283576
0.49992068292111436
0.8165182188477026
0.3471359364138612
0.8428108192043814
0.5754551437293728
0.15288313254734964
0.9764041539755356
0.23968645021766155
0.7326194764866385
0.8317854935348922
0.9705412745124603
0.4663953619515009
0.19885280308662923
0.5779770295327149
0.9986116502594343
0.27707544155880004
0.5120311713771865
0.6925031746952568
0.1978258311129032
0.9690409494387203
0.4661889503654043
0.829474145291248
0.8902873600314349
0.4205373423310683
0.7124809024941734
0.11303837665482885
0.21849058041997826
0.8554040750073145
0.24478139198872173
0.8563509188834866
0.8153518514824294
0.00258221185496732
0.151756568404408
0.6686899830209876
0.49521499517486545
0.3764115457271292
0.12279939235487092
0.9925092882191566
0.10012826712910217
0.2553784567608892
0.6931243090140834
0.9124927497377727
0.4475470380372276
0.709034198614933
0.20130393355528653
0.4149884396051885
0.2497696128576098
0.18014478661755373
0.19483444494483448
0.5343262161351969
0.9635973828008348
0.7039715803496952
0.2386814997887735
0.6138511788428255
0.7935287080053023
0.8884127618963381
0.17296321440434648
0.5532599298394135
0.28881612710814963
0.3275227107310331
0.7226561515028415
0.31451446513934755
0.7633531812762517
0.04747539829391556
0.8862378203777623
0.7332144692713798
0.6943931289286959
0.10277950073220787
0.2589929633694693
0.20753487679447613
0.05691956671249665
0.3226579924192139
0.736447957200167
0.6017781785530706
0.25602728704691335
0.6166287006446334
0.743570896722519
0.44989682940356135
0.8150359987169952
0.4594337570760654
0.7065886960656418
0.9826325754753426
0.7851884680416588
0.6539502983028216
0.5371062132317898
0.7666300805895185
0.378949798937283
0.23005646267878943
0.9731259614869123
0.3204197737759076
0.3693651564603452
0.16208091195783048
0.9231684186262629
0.01933527534698587
0.006813684298734968
0.43892143537305306
0.24702932760681473
0.8027242036798944
0.6378585194176059
0.5480856920265585
0.8909956484927523
0.9886103914969203
0.8417728640513301
0.8536033435654741
0.29104796006181655
0.9703995057530485
0.3495407874916745
0.7926236313591192
0.010645947979877057
0.6843246856981052
0.5361445697464405
0.01905297120773264
0.8828153920628123
0.04894686545714033
0.07715991121933252
0.08979430101820551
0.473025106755085
0.3207456525963027
0.01153335235591546
0.2472991499667606
0.9016715565520945
0.6908360582754983
0.06088113451807475
0.72881138699687
0.7701025236114997
0.9327694097268782
0.3028574679548073
0.8637678680925402
0.9870115573809082
0.9218402291532262
0.9571425978042218
0.7388767148156077
0.7172104110790299
0.6802845893498668
0.6132932274319363
0.9405707947096373
0.3059724968234816
0.25503817308346477
0.15345641466230808
0.657097120729641
0.023080296355100338
0.017707461224921173
0.9752515812911183
0.1861660892925966
0.17082537803394748
0.8566029051131052
0.35221037988724047
0.48406372449521096
0.0073051552134698605
0.4383645948394036
0.4781639492058324
0.5693838108328396
0.5660825531008344
0.8906925189198349
0.5884166490846816
0.00582068991478879
0.5990865539402552
0.9099819149722238
0.6226763071236993
0.07378573420019663
0.7954665983811138
0.9370177215003059
0.30809919363271276
0.9849295384474891
0.8250969792538896
0.6900466638148843
0.4222913609023864
0.7558477690492769
0.052085571707644496
0.36222693797713623
0.18702886273692287
0.29936754790078446
0.1357813548997422
0.27376443965284913
0.4214940404176837
0.1855538580660907
0.12460380487691047
0.8422966896801158
0.20392871068067364
0.7425334575484064
0.9988530370036641
0.5058073994188612
0.5939845437541275
0.48802844786757205
0.8035236283442926
0.5810436215687589
0.88263243351903
0.7055417421665644
0.5486527359706996
0.05614764560344221
0.2248047710137394
0.9320477165164255
0.9824191578270954
0.6638394973977789
0.9081907786713964
0.16096295588840603
0.0036193621244682284
0.3190410555979456
0.8341314256149853
0.38348210361000734
0.25571786779232775
0.5891423334289608
0.0998381077124878
0.7546889529902309
0.8392926380262001
0.09463660027677556
0.7386799776533487
0.7887489899209391
0.015937409800303892
0.9821750479054823
0.7050771533274889
0.9119883388664166
0.31868161731203026
0.5137866795974408
0.632111717807177
0.8239183215012564
0.9120837074922156
0.6083042376768658
0.393032074738604
0.13110744547506803
0.9049267451086851
0.10694103371180719
0.9647388324368985
0.5168927136002848
0.2997490738823293
0.9156912016305158
0.19606203987959525
0.5941038436841245
0.181938526504406
0.9852488091555385
0.2272796206017499
0.6146912987903727
0.10695430011773355
0.9091355897869393
0.00966566385576495
0.899553926503627
0.7109676508751318
0.548280718568317
0.5740289634544217
0.6393849474703589
0.10468364690408383
0.68002902760338
0.28021272047145807
0.8243932435137752
0.4962140927583095
0.463243673968168
0.5319696759761687
0.9077270288977322
0.9518757015842673
0.019143007794365396
0.8079735857995276
0.49533233680440336
0.4842802032789919
0.16658894369220756
0.1470592644420835
0.8807748193728173
0.8377530133153107
0.1370940718693907
0.00041851500103784467
0.5270299886674497
0.31113974367889674
0.2887993369347117
0.3006604376130825
0.9547269554852692
0.8401922505239893
0.16490257192431046
0.6680782999182723
0.7479601109633465
0.6172759262485906
0.7315638304714358
0.748282322731069
0.3487161355814946
0.5763405810689595
0.9215550889084728
0.06160529960770367
0.666986322757537
0.44914408703004194
0.8378750016932521
0.155700450930077
0.5579722833646975
0.2908128982226399
0.8435127618298065
0.1418668633737673
0.6905696600731597
0.9998463710771078
0.16987630624153183
0.18342959954173188
0.754783617938824
0.7389253584727544
0.13918827532026212
0.49678943652294916
0.35674514979467187
0.6063699993966606
0.9787094099439382
0.04165555617967409
0.0392080480567899
0.14013964720384198
0.937796797841914
0.2715081399341631
0.20988369452349398
0.03187293496992827
0.135902314354169
0.7282357138867759
0.7995602598139682
0.8315455002395933
0.8770100832840257
0.4148476841945814
0.540908858934791
0.5346091429291997
0.8383803393628546
0.489377413002275
0.11455306429651713
0.32808767418687856
0.18791630706615958
0.3356798279875164
0.19786158051611125
0.7738896669860524
0.28338430132411985
0.49235567203388586
0.5299686942261213
0.9702135407224959
0.7515090790212592
0.08512541901712822
0.7093356969818386
0.9774852220434139
0.24541047444647257
0.9358057288962865
0.6607003498756208
0.25536386541297285
0.27246262321124803
0.6891199218418849
0.6041569474235168
0.7179643750063422
0.5813527250822803
0.7519257378140536
0.049082884892796
0.13024511510422265
0.5032237215175593
0.8756149412282981
0.31078148981741516
0.2188460361236515
0.965432520481619
0.2727082391775443
0.8040186305117063
0.3920593375634064
0.1759462824205712
0.9252263850461132
0.41768714007565255
0.01146798064508514
0.29553309459796373
0.11177477699928395
0.40086137607263395
0.7957184700146955
0.7151441090218091
0.8511665052643322
0.6570881886437939
0.13661559909711785
0.13681820587987803
0.29013384530710307
0.25412987009632293
0.19887950831991497
0.79536955764625
0.10542159342412794
0.22501505028257462
0.4746477956130907
0.3703689477044193
0.5450170282015246
0.0844591636155162
0.22171177686531274
0.13003996823292274
0.5727349805650236
0.05943521051977596
0.4934225291041484
0.06427611811490475
0.9154607623412941
0.7866580600348805
0.7333363288954173
0.4735332774624207
0.21830260799397538
0.4336255920129063
0.9719384341725328
0.40907669996774565
0.5766082139127533
0.8910935676315057
0.3536394607618496
0.7472617412290686
0.40739432604900294
0.1686593425211017
0.9503134034386458
0.5192313233348166
0.7695554107546757
0.6938955188249211
0.6882575365287231
0.448300842167738
0.36040138196165206
0.43599338443818325
0.43613455671917156
0.35446519758059747
0.5147533970938837
0.9117363042253522
0.17930770655179518
0.0993856530309799
0.8963013956923724
0.2514863863710849
0.14943924839160871
0.47263970415841916
0.09514743514757051
0.8377669865979993
0.7262389091398516
0.029963152418462036
0.22316643109327583
0.928795701063428
0.5227693200667165
0.42454059044052816
0.9987474972943928
0.053635204162247874
0.07024963883313318
0.9056728951300829
0.3690236831959869
0.1739063963441383
0.12538971507265007
0.22887849363360546
0.7135918667709413
0.3799324392200415
0.519155743253719
0.395983264144644
0.46334160879420516
0.9725407261332963
0.1294670312812206
0.6471969344235905
0.024908892531965487
0.6282872535445589
0.7593643891969799
0.5454153914448693
0.5865714540269019
0.9398211354351881
0.5342711635562597
0.73457795259269
0.24624217440958784
0.330978515869776
0.9854635915232148
0.272604837658345
0.6353835669873575
0.09982206386943071
0.2688978997917256
0.9297802592570272
0.48352336636588955
0.09381413749401579
0.8893781744580473
0.527831906983015
0.5681207341241898
0.16409508696701458
0.3891144931671431
0.7637757084162786
0.7544477821510822
0.5487038496924674
0.8524030760017617
0.32504933174194195
0.820527739220702
0.3885975506002718
0.38048493639754843
0.3650398001751207
0.24686319029868253
0.8888991956221667
0.6343912037308757
0.916220042883899
0.8115708479394861
0.8902316604297579
0.771802373947725
0.2078540001381598
0.9862601258206578
0.407841473329298
0.6081203102774144
0.4486174814212063
0.05161023122278796
0.3434459056660475
0.8565959840784383
0.5327414169172515
0.13052559048575585
0.6712946682914533
0.4233848187454279
0.7105488110583297
0.72430764285997
0.30461981252948733
0.4671334523334958
0.6952346035960301
0.024059895479615512
0.8845105164997521
0.437637719700802
0.6668986265151772
0.7411210934145028
0.8345070198976262
0.14662888474186508
0.5102052238785805
0.019721652829456815
0.9918545636016538
0.7168599023520472
0.8852511576500299
0.11143616076298568
0.9168361166243089
0.48688670152040425
0.2672372222658863
0.005029970606884371
0.7719466192550869
0.7096186058372831
0.48077948721526753
0.13881570799657883
0.7208685530862452
0.341540933268926
0.3960026591537027
0.6868124612350386
0.8420313426313459
0.903860846844162
0.6233210052607714
0.9864143401867674
0.5013047083400771
0.9312629115025458
0.738278648851934
0.05337912531156919
0.06265501711091015
0.17068223016373585
0.4404208804580869
0.1712453063180649
0.9891864689260657
0.4423196708972481
0.566897918480759
0.6055568183156994
0.186295357454067
0.4331354142158994
0.8121805140576092
0.037287157674706806
0.1330260198595653
0.599766545547582
0.13611800809861896
0.429995148784878
0.6802867519905395
0.05077459444536547
0.6521543110378305
0.5876526924244789
0.13282543930589508
0.7003418206489539
0.06315196578861626
0.3600386796815389
0.37042364282110907
0.631929773031427
0.5370324756548681
0.9405242759201471
0.3348376664536523
0.07743355617646275
0.3702879433220997
0.9064808274508332
0.250602340752632
0.43685918950987124
0.01799413158670682
0.21059300137180237
0.71948635668032
0.6583412961249149
0.09273820735963656
0.5368179109676133
0.7076406224201944
0.7630715027218252
0.24528641507535953
0.46302258176522026
0.8761383033537418
0.13535666632149002
0.9428201239261322
0.690093469512896
0.20592381207213895
0.6872506149474813
0.5259602011244616
0.8661649981105248
0.31160189815216754
0.02741270633208781
0.7122095680104253
0.7456509317531705
0.4670544986816464
0.6791341968187684
0.44721545139755425
0.7871952183502314
0.2866649394827392
0.015048810196736429
0.659359957663362
0.6730584102317687
0.8487343241295302
0.48582319927048534
0.7835154921543456
0.2515808384172479
0.06160985976706346
0.3763865924459653
0.3608049882427262
0.43485178986908046
0.2156531861443889
0.8737318999967808
0.638128633133732
0.6370254267488985
0.8398914081182441
0.7311317993784837
0.29887746610097965
0.7896768229778639
0.8767576570507497
0.6168184352676684
0.5599002687125874
0.2956188286639344
0.839030155404506
0.4623350511098654
0.6100421072127645
0.21904742853466252
0.8492184651211163
0.7538037969550212
0.11316687866523567
0.42742911195523103
0.42940788035477806
0.2520457089773249
0.6704882468106814
0.4966777186664638
0.8433809515754547
0.5952513442352882
0.8833606510836162
0.2867935871323424
0.8576256173836592
0.9421626583986831
0.8389800922698977
0.7850398957525332
0.5933201186577137
0.8863995349333951
0.04762182814616445
0.5319651261714152
0.2562029001932278
0.8487654698570768
0.3799674191139282
0.14584254920364348
0.41520069307906193
0.11158782643459919
0.38085364349088624
0.7012758512034305
0.5060428400998445
0.890645220090542
0.26879422142029674
0.5450228509454168
0.07412370320456474
0.7012135199723091
0.6570300303191451
0.7541986362265898
0.21642293693505832
0.6318307860209721
0.05274470358638794
0.17369076005687556
0.3790665168215708
0.2784731964930456
0.09310728862979123
0.36559596919729653
0.3427231515505643
0.3363124741489767
0.2522877826475374
0.17800604892637006
0.9465688979631633
0.13998090786731887
0.44333535254308165
0.35388088176474375
0.6393748340423349
0.007849102860524426
0.2585093666754352
0.16556782049854946
0.6043938863834853
0.6601258218982713
0.16142498218347512
0.8747663046733511
0.49306592173306074
0.9284049263883564
0.07158201208518711
0.5049010849379953
0.7652660368493148
0.3796845790040332
0.6416749194414489
0.7860337248985461
0.43223428118838203
0.048366583526247564
0.5352014809647408
0.11864426275510453
0.6214737217334041
0.18347486869430918
0.19546368070415454
0.19355959345191875
0.4795161685042556
0.594292521672198
0.9513832410168158
0.12726821277343925
0.976272775464992
0.24867041851626748
0.48927004139792085
0.6624531538776491
0.12807951621168678
0.99214120075334
0.6410387180333491
0.21013624159880462
0.996901026965468
0.749146527992503
0.9099742485615672
0.05198316415478099
0.5408191731507854
0.7603754766351924
0.3965192644889316
0.6163425897485336
0.6299969190286964
0.8253067590073668
0.6324481231968412
0.8664090942031816
0.7620576087571729
0.6633893233560471
0.85106716859084
0.9365466141587094
0.24838073824598683
0.8285391011067671
0.6378573227518005
0.5272039079570185
0.48503686967683324
0.4768557237647524
0.7013700954354362
0.3672975596487503
0.29556623121635517
0.6292239994412782
0.9904119290360678
0.223256525667351
0.7380180029280242
0.4924983190084251
0.18174058308958796
0.7991437608111102
0.282830764712811
0.28174918286445194
0.38282868639261514
0.23059426234151015
0.7066451416114179
0.9484978635999938
0.08938312219198341
0.2387942503434891
0.9588283269992489
0.3374067400563985
0.4595510951949682
0.1174742228582425
0.14640837678830432
0.30997963710585685
0.3614380795664366
0.5065069520211285
0.22977725948166527
0.27471646342108547
0.6598215277690509
0.6430219891473702
0.5612859660975689
0.36270291358174966
0.4672886546920604
0.9119892589031293
0.01811467726938476
0.2319474059126062
0.9130179823092817
0.18784476261534333
0.0646170494121977
0.30260027743749285
0.8438056509622951
0.17383489546152975
0.19268730217125407
0.17394217510099352
0.662752965389113
0.533945759308724
0.8916328441791201
0.13275383939546959
0.11366288543760183
0.6513338252507307
0.8832627277601495
0.520256554825582
0.3676794876048082
0.0974066321185203
0.41532888214917274
0.6985448261024578
0.22316250482701105
0.031024167497623933
0.4201513651254607
0.6465200677913914
0.305321294871829
0.7809924516467315
0.14117263750220133
0.3765092379351741
0.10580589405855068
0.836916569072656
0.39390233003000763
0.6436092385438398
0.6307463448492681
0.1118170365812462
0.6971818707867048
0.9395944213715136
0.4175446198079552
0.8105169996508026
0.8364427337943848
0.6735651264431128
0.8642752761362094
0.7344595950350258
0.17564736631246514
0.241651714095919
0.6321741566352289
0.13440637573968384
0.9664491231345809
0.19333388224649384
0.6938977769119243
0.33956979175588387
0.2768050358007843
0.32848848992727986
0.6552070120006573
0.5501732689288439
0.44712610535480335
0.05876502574577924
0.8848957793725253
0.9678914725606835
0.9969471173739534
0.27755322881485933
0.309126974653936
0.03600475820069371
0.929082666045131
0.8550343549196853
0.21140655784889573
0.9217385738886333
0.8149321196206256
0.6278932323878365
0.9264278830140061
0.16121019132162062
0.21479342730750495
0.06157882903241663
0.3449097294408978
0.7925056131525859
0.6007448866938125
0.654896402904318
0.8336086060479708
0.5986284421954825
0.7901220576749306
0.0059768005429842175
0.7368770120491297
0.7653561501020059
0.9902922806104958
0.056116194276262354
0.2859566582888172
0.707357282312487
0.3701554254582534
0.4971212301993434
0.06852981722993745
0.9597593878670386
0.11226421233390782
0.3381167859626798
0.5624002745306582
0.965649783145467
0.20104448502833405
0.9520317186580495
