#Expression="Weibull(shape = 2.0, scale = 1.0)", ExpressionName="Just a Weibull Distribution"
#ReplicationNumber=1
1.7235287663885093
1.1612032893887037
1.3574916156306798
0.15809816568744148
1.119404653546705
0.29124581571029545
0.26857158024699834
1.498538589551389
0.24552167789858165
0.996352052236029
0.5931157995567876
1.1708254405433003
0.4349982758943238
0.5779308347751964
0.2588520908967907
0.7350471104935172
0.8256254396489305
0.3627253103631765
0.4952348445988157
0.8993076244641599
1.9226596765007598
0.42077519952901293
1.5104501970298052
0.45892392548187694
0.57033656397051
2.043882354773523
1.2017113379750994
1.1444417272212122
0.3690434045272356
0.027950356371282833
0.889464394079847
0.7011953020205761
0.2333979922273237
1.3988763321794033
1.1970010498109178
0.8568146148913176
0.8006509063645201
0.6296980107305074
0.2164119823483178
0.3396868276168638
1.2179245052171686
0.5483549785968382
2.049997761873217
1.1888121901317654
1.1460807535939894
1.1457376493673348
0.3801042799227081
0.7794877323910362
1.3410028213823737
1.043365582376749
1.103864793461285
1.1726823844348198
0.4652609368308235
0.5384595574704819
1.0377783928088153
1.419251698819974
0.668953844713886
0.6421347055940714
0.4926362342947728
0.8156722684733002
0.8357023832603496
0.8379067166209038
1.4470274843704607
0.32222342154089284
0.8900962072294136
0.4692709528782049
1.140314247371116
1.0370981790312173
1.0319017837015514
0.6014604949934185
0.5027930631320219
0.5932811929219131
0.3059927207546579
0.38197795136238216
1.3014496418999864
1.3395393373358286
0.7087005358821916
0.15783112078398243
0.6199348612051807
2.0501633878430123
1.2960379567550246
0.9700861757704098
0.39054661856961315
1.6201145589124395
0.8780753448571708
1.268671569608764
0.6268604133274343
1.2065825878735468
0.6240535420237778
0.5989546617739288
0.9604430443533386
0.5494581820994531
1.2456129685480881
0.6699680697946502
1.6468619378782277
0.41830789722407424
1.299942254127417
0.5928015572281844
0.4634138525368665
0.9071969722758917
1.3816913409759366
1.5356784485608972
1.0778310779349098
1.7135368371684458
0.23930802146991972
1.3979341677555503
1.8545592161351643
1.366224511226379
0.4179530904900475
0.43836319240175636
0.7898859946083965
0.12287884007681255
0.4236729474945654
0.3165540471239189
0.8082374238993917
0.3439663073495112
0.25860499482066457
0.6426113961466239
0.22456191004100953
1.3804154924524006
1.7175271702984878
0.7419526348805691
0.8431766171435197
0.883404032640704
0.3141538068357221
1.43172361615443
0.6445705379641457
1.8798298849785766
1.0071516899305422
0.794454587193794
0.532172133893157
1.2365169283037125
1.1866573712696666
1.3065745232449955
1.6742836266001568
1.7830424369363216
1.7467133672470267
0.9189710675784396
1.4913203954172645
0.6771536164608486
0.49281554995201676
0.9256381323410227
0.9179561134503174
1.2585387732759354
1.100179847239721
0.5491272419683804
0.8072589975338627
0.1675325084518133
1.5229459038169073
1.795068944505886
0.13808782036835124
1.400072199201851
0.40977602995817375
1.0480563163655356
0.6827368206580497
2.1192191557061686
0.7955957492089852
0.7049812456422649
0.9417899125553681
0.5434295844782314
0.5591251883838138
0.4230733942351809
1.5733581737036062
0.7975708658605362
0.5046309144166269
0.09759814854817263
0.9839398655926813
1.1237514893266738
1.1713957088875488
1.1686357052011163
1.49732945449
0.9433349263597275
0.5214125996305027
1.3722207899523418
0.9523984490678244
1.2907464051117812
1.5634059368580964
0.6646629140938529
0.8870014631081986
0.4685169265594967
0.6721799379197149
1.4533224093994892
0.24991505748056625
1.1540944612423114
0.9599278686810631
1.2090084119212852
0.4170642510734155
1.7169556143883167
1.5146883250927667
1.8153481427877287
0.2870147990519549
0.836897615850357
0.594257892632091
1.7593369330101578
1.2711066083577502
1.233058378473056
0.9361486658523075
1.2709976580931686
0.8026958244938867
0.7900941443451347
0.2962011971541641
1.225959442425858
0.6674063228768954
0.9039238404051264
0.4963536219689449
0.8465522112891906
1.4599502965903446
0.5719273977901201
1.1188871166895773
0.5671914615207142
0.5747641537822221
1.4799755351634867
2.3260682183234387
0.5245954513486686
0.22484721564445687
0.18636910323100372
0.46991035683395666
0.6887517280525298
1.8165724845523075
1.324273382675141
0.25159847612845615
0.8005652324624063
1.001277340070791
0.5758985894957594
0.6484878875245851
0.2545364866206766
0.22942057304382174
0.6529891413116333
2.275667585523413
0.8577394367562816
0.25740026505817104
0.9350497620830618
0.9511140760390239
1.499073820523933
0.8633776574793066
1.3225714696713602
0.6762262813772814
0.4514687386994214
1.1190068089557623
0.21974598312073892
0.9709227621354596
0.876940868974404
0.4471725358252715
1.3066213767778043
0.6486283361590046
0.5918483811920587
0.6916867080153101
1.3438218469601249
1.1178363528490591
1.04899066145087
0.2158683973324381
0.9699580120883903
1.2307052339152205
1.0121514261143236
0.5888844145756754
1.3415057381443383
0.49104277105652555
0.5651007645381529
1.3552429087871123
1.443617760834635
1.8037255794714715
1.4675371542068365
0.45090293977625445
1.7695031931341563
1.6712794913852433
1.2178418200307302
1.9246971284909498
1.3016521133523313
0.42142540257710964
2.016412067573217
0.5757116390446554
0.528794008811317
0.1765749533548583
0.35221073800958347
1.0994825697038668
0.2546819374427407
1.2638365784126961
1.0178790665404016
1.4566413009980126
1.4767969017589424
1.0191489993770853
1.3442397255128264
1.4021282985147931
0.37375674758204214
0.9466802940182624
0.3689029590651683
0.6742558389811107
1.4698970056621201
1.3040759720499542
0.6403117488643912
1.2727343590603255
0.8220232571802859
0.64094092639452
0.8861099805221286
1.080538664474399
0.3336654094026365
0.5281754064803528
1.5208823737442616
0.17863402570061174
0.7170410554806665
0.6335273846265072
1.1735753277890564
0.29522564614465757
1.4157080270444695
0.6592453072682982
0.32564615084388215
1.3727341229312031
0.8005472103560851
0.24116980235401309
0.9091741575807966
1.5927370474974578
1.0255533442047118
0.4142340132983691
1.5906208168111788
0.4256816612966299
0.4387067299549007
0.3277065238069913
0.56673855817419
0.6840036929573218
0.8287425456847911
0.6163629850112782
1.0101170454782078
1.3645389600644628
0.7837997803118044
1.1529105650859184
0.1395006976970101
0.8308118517855337
0.5769842909980556
0.792887191100477
1.3578117476608604
1.014021731593423
0.4725466578100706
0.876542380078285
2.6941756134656183
1.1771374754899178
0.41717745655738414
1.2677986273311217
0.5679594474875961
0.618772532295467
0.47649684677392456
1.806780650827838
0.5529911995069732
0.8313880417880211
0.25285041251864493
0.2606767621508358
0.6677755598787234
1.5225082598059516
0.9236038748465188
0.3266454618826185
0.9833644322187157
0.5506019810676537
0.24998937554802422
0.918010415355981
0.1591959210140443
1.1793857421505842
1.3565522216515562
0.17678641076995824
0.8078610915982128
1.0318882919801293
0.520536775143949
0.3164089886027699
1.356450103435617
0.5074959857599362
0.5696380819609874
0.8630880321136103
0.6737275920202254
1.3910346653874295
0.8784267979870749
0.7048712372487577
1.140978575522402
0.7075978847351327
0.44471998234367177
0.6989662223808639
0.4054524367207139
1.6554967788076735
0.8460797967811802
0.2651304706243154
0.17809523180262318
1.377026858220301
0.6354901762302413
0.8506105793846186
0.6370327742631344
1.2688392841619118
0.47187468065304744
1.3440321310684384
0.8278966070957365
1.2811860196049
0.7484982118416095
1.1239650736160882
0.8847705602389384
0.36189871094351705
0.6870281189612243
0.466688614239856
1.8980387476380087
1.2871064399492294
1.2472584549638954
0.8381918193117
1.3941113990514356
0.39178337055537554
0.7896821114455925
0.2512870038813457
1.2911467351960537
0.6660596865959619
0.20121153313876008
0.22476189444073622
1.3653621238257632
0.9109689220615746
1.12692257484144
0.9411299001269472
0.6360735590250903
1.4018052305867468
0.9564307100011762
0.5362085990335105
0.6517775599302846
1.407185534763833
1.664978766624844
0.861546753915861
0.18690832286490858
0.44736788904709723
1.2869256623972416
1.0847921368376958
1.5502286399209522
0.4004466751947468
1.1104066863294144
0.8516010733137948
1.3329179100587918
1.2493563155980323
0.5772924618158364
0.21336281451408978
0.5449123543650579
2.014767942558792
0.4429281374583523
0.9273610314137714
0.7561436260465128
0.2890195544504141
1.5353410539425236
1.3280210874056166
0.3922294937175269
1.3386244589139977
0.5989031464050788
1.0063845532382052
0.882371094571582
0.41043995315666243
0.5252053758000591
1.029930285585928
0.5006958790490794
0.4102570697623258
1.5195282144618283
1.0218201096603687
0.42621383165052024
0.7713723982996726
1.2601912782599054
0.4909536567886294
0.2194915647894143
1.24843895564429
1.2574025238954831
0.7153319773863233
0.8835471116782238
2.1286301495738194
0.6516750186452491
1.489613896597526
0.42715233170817235
0.34837233317980226
0.8362244964137256
0.8856575037135119
0.12617673533316306
1.5631195227211057
0.1340310636400075
0.9110301212288521
0.2970920712539839
0.5518106488754864
0.6952519915013371
0.29620819487787414
2.309715376289825
0.6047547971860711
1.1785254681966884
0.9494138752562603
0.7180607783411183
0.49233673529980004
1.489852698173402
1.6221047379536349
0.4647001699937402
0.5611639101854419
0.8548371778291562
1.6491762621407713
1.1232632821421205
0.5223047089364081
1.59619324346769
0.8244338930782276
0.8832178069083234
0.9859645955762982
0.9594914633955463
1.636117928401876
0.5519445266904925
0.8434924708364349
0.8685149316657824
0.14419542800810525
1.167187813385585
1.1020307897501402
0.31472334496619897
0.6202930607444868
0.890233513825111
1.0660288125427133
1.0140351094376707
0.6351733132964211
0.5912338037009433
0.1390706925990367
1.1384334784913552
0.7240106577437999
0.13332448622341936
0.5514700610776794
0.7821354195954833
1.4223989571654578
1.3147049081806328
0.6028987396583076
0.4516690337301696
0.7443646599779985
0.23321348219041396
1.1510326849083485
0.9208918817587141
1.5097647213029732
0.4239088547634463
1.2577890944272716
0.8945085042925622
0.541565531553166
0.9130288404171992
1.661728905854277
0.6907848752266568
1.1622674649650722
0.9715378965671897
1.56004713552463
1.2206438989165744
1.537092781333808
0.8430352995187173
0.27823558950233135
0.802905336705965
0.9083086286030234
0.5471306345950964
0.4725464477499601
0.6789657154617109
0.5130197392781426
0.9677919446023736
1.725527250346779
0.5742296879842179
0.5808788184950461
0.27731160450659814
0.3192094135470972
0.5903285539239544
0.7794885428446678
0.6661763757252039
0.5907522444695388
1.2365414349117636
0.11490710289845202
0.873948276855829
0.47361242775288764
1.544660674465649
0.17817506502503286
0.7697375884520138
1.582217521829898
1.5876513963425956
0.3720121350819856
1.4545905974962654
1.5979512301584167
1.293445907003754
0.8258960429685892
0.32331450152382235
0.43440729234170833
0.927001867306273
0.6258405540034616
1.0857124884434675
0.1679665609917594
0.7343324214796044
1.434829072595233
0.3681091871099105
2.199113990460755
0.996417998763761
0.7593173977462898
1.5141976892796254
1.88221931340064
0.5947505975398064
0.9383690750338175
0.4596183304242992
0.9174176778429083
0.9443068541575953
0.5939403314713454
1.0366893296123258
0.8019513195617145
1.9404292885886727
0.9709218150318656
0.142255318499434
1.1375732562544227
0.23866028043885432
0.19869940848858195
0.6445377745865725
0.40447134969853915
0.9655341492589647
0.7116929333164927
1.17867517572497
0.5875019508874563
0.21529098244556674
1.2430257718353617
1.0340993571436583
1.8205375827883477
0.665339448258679
1.9447274008693416
1.5590832830892751
0.34758991075298723
0.5268692218099374
0.9292438033973167
1.0666260441769546
0.7841008839559531
0.23472965548563257
0.6324993812587275
1.0055334685867614
0.5247075765467786
1.4417591226962823
0.9474108096956497
1.0672733296678198
1.0613236790814833
1.337109378680265
1.3826922964198758
0.7173380128458124
1.289072029805527
1.377136641901263
0.4379926842414199
0.8740435682145219
0.3045906295073615
0.707937205537858
0.9721528410173256
0.7815156476785794
0.9191791459341313
0.2565138983637239
0.8571653216275995
1.0108827831736098
0.25495769675867874
0.6877367149004292
0.6976879386996337
0.9809665251423002
0.3556731298638772
1.9850920073495548
0.5499220935050355
0.9925781706192328
1.4734405573208598
0.9051175058097151
0.09981591019138607
0.7947415409417989
0.877380004255024
0.883229117390235
1.3129406717730112
1.584631398679984
1.0627213902591166
1.2507017212560723
0.25637976121546124
0.579394450664932
1.3747004257350492
1.1076543634708005
0.4753811827299919
0.7169241853886876
1.076116137511834
1.9335037670308717
0.5307734867561189
0.2551101522315756
0.2507859177971828
0.7427696529446297
0.38729030404063286
0.5963867001143889
0.4198877803805292
0.7420793781938319
1.3852927927335092
1.020589492041284
0.2183064053668613
0.7007602476659768
1.1322656600650507
0.8644437137870618
0.20204045645313215
0.77607732945668
1.0825099917673737
0.3037514359456925
1.2212893567161225
0.6883237480776815
0.3941954347026191
0.5509908946603722
1.1538963168889762
0.3951518182188816
1.2214580354786129
0.5836218252654275
1.0824242594026952
0.6318860248012994
0.8211199622387789
0.9874465060297055
0.18401867375754194
0.2561962458950625
0.7215571587202272
0.8165950434221091
1.513005019035543
1.6986936355048756
1.0264624755808256
0.738674078846299
0.7758676794143934
0.21919117846388653
1.4960519582832315
1.1474187254399264
0.591851410257017
0.08231983302250426
0.33454940412469664
0.6533111073892479
1.0826137226880608
0.5612728457847643
0.3248791353408178
0.6797132643069179
1.1854972596569535
1.1199705241709124
0.36723936769418064
1.0178213684014321
0.011899215487439312
0.8673646169975133
0.6955893879230907
0.638794493252572
1.7947492425050566
0.6715813575980465
1.1932763291336579
0.6055957806081163
2.233508737689016
0.3710961180395376
0.7185530389875262
1.2568771711685962
0.4454183345209875
0.4195238945862471
0.7229065549131479
0.8921562204915054
0.46005810186611207
1.951138074041684
2.158263641281479
1.1198413157981453
0.46693762853483955
0.8017026335032348
0.20078669639086785
0.43514268845159154
0.5677629709072363
0.978911601729639
1.4067212841300025
0.6889064304849734
1.365675915744344
0.48443678944410995
0.3842452730506065
0.446872145472791
1.1288547517310457
1.36817836720418
0.40743790021630466
0.7744537867559089
1.0375122906160021
1.397906284225012
1.079802737095584
0.37666357991701277
0.7333840108433015
0.37330929070503355
0.5421226757425038
0.8816915949835723
1.0854736717473141
0.39360634746779377
0.9015218007715188
1.4400219358697233
0.9961604506500836
0.6482702944967792
0.881422721495077
0.781452295076874
0.5710331655268402
0.6514198089878211
1.5229209272277744
0.791487787141505
0.4616570386578063
1.7119093594550818
1.0463946330874714
0.7289100449861029
1.2310431425980348
0.230401182396283
0.6072876235419602
0.8234288098308976
0.8538545566294689
0.893187147710349
0.8053887368047338
0.7641716036493674
0.9828932035634944
1.5918059960075484
1.4562623575725513
0.7355602345454406
1.0367721040938567
1.2073208840699616
0.6284267651366929
0.8497896271626845
0.8139015168306615
0.7256153760113385
0.34895237138802143
0.17894961437787787
0.46481436430511813
1.3360638558930886
0.6143806477781344
0.23744308125118613
0.18491400815271022
1.704439273047742
0.522393272007181
1.246097783656532
1.255085612940876
0.5879484707864835
0.502140941999089
0.7061565657653951
0.9875654033984927
0.16600468230029145
1.0813102022582917
0.8518731811603855
0.6761434299054538
1.1865396652459905
0.6732257225377161
1.1547784533601144
0.6688874722215463
0.9704824195558568
0.41807349838035385
0.40684843754590694
0.7814595602212416
1.1540005048026196
0.44811602021665886
0.3234458383434672
1.1636386317941068
0.931228416092632
0.7965931326789516
1.0785420350818715
1.0365948314567743
1.0802923815909284
0.5358259120628787
1.1658560002820206
0.6621100252377194
0.7844542344373369
0.12593960191084316
0.7335697782932528
1.1013267768293937
0.3936166945663373
1.0977535736525066
1.3638209611846286
0.2983909240797974
0.31019674137285846
0.32698971889057543
1.0905604868423393
0.9772574422843914
1.1212497523229235
0.7252379237146339
0.9508328778561936
0.5804100097313734
1.3211714720697179
0.5518022884844005
0.14386350092615327
0.3695245139671316
0.6603164581843181
0.4540281544713111
1.5880015448591498
0.6119892415958808
1.8631234236205494
0.995359291532858
1.64229851824701
0.709739961575831
1.3298675726676288
1.3339439241270092
0.8124805847244853
1.0459988686171038
1.4924697667203435
0.18459232559056934
1.0251929576706975
0.6524675364044368
1.8240182501948206
0.19403260243717002
1.6052857643589522
0.8523618014436221
1.714336642454147
0.7431403644732684
0.8492618422365639
1.3752681491306884
1.3385194365371764
0.6952017156200205
1.247774520459743
0.848177621123245
0.4172560318616427
1.0136385671016255
1.6332504035097326
0.7462714259881991
0.5470356527860267
0.39124786748496815
0.7983965125875377
0.897962334754213
1.5740712118537037
0.450086258383042
0.8819645342460126
0.32907046531821943
0.9651011112130176
0.3556472094272469
0.6264059861625151
1.3659112038410537
0.6684981666178307
0.6693868254767232
0.7651052187886825
0.5333603244914098
0.4810131031186214
0.5909982092247029
0.3757403951730538
0.9824197288946692
0.7453175485426762
0.25317301249868146
1.2728973081205188
0.6296539802516951
1.014280157151846
0.1451890912635054
1.1223508103093351
0.7138431250465597
0.472125455414927
0.5566005171268754
0.42392882232199375
0.38826346734726874
0.8098948509907868
2.021545782104479
1.858342833042273
1.0880348170261573
0.6369018720004914
0.4923534917474511
1.3302600537130653
1.1502240304053903
0.9326475168965307
2.015875650549273
0.6609669889765101
0.4291153693188848
0.5113329324932647
0.5807029435989008
1.3204433809456293
1.2720386719774912
0.5557882179226457
0.612075782058002
0.45792080276072084
0.07551362531774994
1.464328347645283
0.39771315278651703
2.0520546646223474
1.8918372045990473
1.0393003905927454
0.3851718369672107
0.766133410888463
0.7158570241681272
0.4573478428019571
0.4839289087161078
1.0420082942772733
1.6594084617287765
1.0414398826095255
0.6836051956281921
1.2335535385972434
0.5899347107018187
0.7695935909379517
0.46454123672893427
0.82906937629255
0.39429090761552327
0.8968396525402808
1.2574665027871386
1.4602239336650984
2.0477227174970682
0.819000875801128
1.674390152398427
0.5263560234265756
1.5450596970010528
1.3650196960510104
0.9631609715835728
0.4892059920103689
0.8924262080924177
0.8107143278269073
0.4303129613135489
0.41991113854940953
0.6341004552421308
0.5244682224524283
0.1335630099401731
0.6065609505645979
1.0420123081456152
0.6145582870545632
1.0304785113317838
0.8494598601320602
1.568110071332303
0.92399514196112
0.888988600392211
0.4331452466391389
1.1396261475217706
1.5425833424437387
0.6626243748191897
1.0683846382131772
0.32810942027397644
1.1556634888759223
0.5264673908120158
0.9043337316203619
0.4430949829331256
0.7176948684528631
1.6971302354165236
1.2682211054861945
0.4252611145285701
0.5755566640359806
0.742600192409179
0.12255214994343538
0.5778276954181849
0.5780025521079857